1000 203
2 1
3 1
4 1
5 2
6 3
7 1
8 6
9 1
10 2
11 4
12 8
13 3
14 7
15 14
16 11
17 16
18 5
19 4
20 9
21 4
22 9
23 21
24 14
25 9
26 20
27 10
28 3
29 13
30 7
31 4
32 13
33 3
34 28
35 20
36 6
37 25
38 23
39 28
40 31
41 16
42 29
43 7
44 27
45 40
46 25
47 2
48 9
49 32
50 4
51 42
52 35
53 28
54 39
55 12
56 55
57 12
58 7
59 45
60 39
61 27
62 27
63 24
64 40
65 7
66 37
67 46
68 52
69 9
70 17
71 16
72 64
73 32
74 5
75 46
76 9
77 8
78 46
79 34
80 56
81 19
82 15
83 49
84 15
85 57
86 34
87 57
88 75
89 25
90 2
91 50
92 87
93 20
94 32
95 43
96 17
97 59
98 58
99 23
100 65
101 48
102 33
103 1
104 67
105 96
106 18
107 34
108 97
109 48
110 46
111 62
112 16
113 31
114 9
115 114
116 30
117 110
118 110
119 90
120 26
121 37
122 43
123 22
124 119
125 28
126 105
127 108
128 95
129 19
130 66
131 29
132 61
133 126
134 96
135 65
136 10
137 50
138 14
139 50
140 127
141 20
142 10
143 42
144 135
145 90
146 20
147 143
148 70
149 145
150 137
151 40
152 43
153 95
154 124
155 84
156 139
157 72
158 113
159 62
160 10
161 72
162 134
163 134
164 121
165 26
166 135
167 92
168 155
169 149
170 149
171 17
172 39
173 85
174 134
175 29
176 58
177 17
178 135
179 11
180 153
181 53
182 89
183 25
184 17
185 127
186 34
187 55
188 19
189 141
190 45
191 82
192 62
193 11
194 61
195 21
196 186
197 98
198 129
199 174
200 68
201 74
202 18
203 137
204 19
205 123
206 179
207 93
208 28
209 178
210 95
211 159
212 14
213 163
214 205
215 107
216 45
217 59
218 117
219 58
220 117
221 8
222 168
223 109
224 114
225 191
226 222
227 137
228 120
229 32
230 111
231 27
232 193
233 49
234 209
235 48
236 69
237 30
238 20
239 122
240 176
241 123
242 17
243 191
244 213
245 87
246 159
247 137
248 118
249 6
250 157
251 248
252 12
253 187
254 31
255 183
256 187
257 168
258 63
259 143
260 257
261 61
262 32
263 175
264 190
265 102
266 181
267 51
268 1
269 219
270 235
271 89
272 180
273 238
274 220
275 3
276 159
277 199
278 193
279 235
280 8
281 135
282 89
283 227
284 199
285 241
286 75
287 153
288 235
289 215
290 168
291 268
292 144
293 70
294 213
295 16
296 35
297 187
298 205
299 215
300 145
301 246
302 292
303 158
304 63
305 74
306 292
307 63
308 211
309 263
310 91
311 72
312 208
313 111
314 163
315 65
316 206
317 27
318 176
319 139
320 165
321 82
322 261
323 134
324 279
325 152
326 158
327 179
328 249
329 195
330 312
331 102
332 169
333 310
334 213
335 66
336 42
337 31
338 214
339 21
340 259
341 180
342 175
343 296
344 319
345 233
346 269
347 259
348 71
349 44
350 74
351 230
352 291
353 96
354 86
355 292
356 343
357 22
358 50
359 1
360 180
361 105
362 308
363 137
364 76
365 341
366 199
367 72
368 247
369 44
370 106
371 158
372 106
373 91
374 170
375 35
376 59
377 32
378 130
379 329
380 308
381 268
382 165
383 77
384 276
385 225
386 136
387 262
388 357
389 150
390 238
391 9
392 203
393 150
394 163
395 245
396 181
397 46
398 25
399 142
400 111
401 148
402 22
403 136
404 288
405 229
406 390
407 7
408 188
409 289
410 326
411 108
412 273
413 45
414 362
415 257
416 12
417 190
418 172
419 120
420 191
421 117
422 178
423 418
424 135
425 420
426 58
427 421
428 43
429 179
430 190
431 354
432 301
433 198
434 177
435 260
436 83
437 249
438 56
439 385
440 58
441 335
442 378
443 287
444 138
445 425
446 385
447 249
448 365
449 226
450 300
451 406
452 354
453 321
454 158
455 94
456 228
457 432
458 399
459 428
460 178
461 344
462 123
463 456
464 254
465 91
466 101
467 456
468 186
469 467
470 270
471 240
472 31
473 427
474 240
475 235
476 173
477 470
478 196
479 351
480 147
481 272
482 330
483 50
484 304
485 439
486 164
487 211
488 147
489 349
490 378
491 173
492 341
493 171
494 236
495 27
496 188
497 363
498 209
499 272
500 99
501 232
502 423
503 279
504 155
505 422
506 389
507 463
508 79
509 163
510 152
511 485
512 255
513 262
514 103
515 293
516 453
517 287
518 122
519 340
520 195
521 360
522 456
523 72
524 365
525 510
526 277
527 213
528 173
529 428
530 308
531 368
532 450
533 488
534 522
535 250
536 462
537 406
538 156
539 393
540 119
541 206
542 309
543 439
544 510
545 167
546 509
547 276
548 501
549 267
550 116
551 11
552 330
553 237
554 22
555 168
556 284
557 322
558 296
559 261
560 346
561 456
562 334
563 21
564 553
565 19
566 71
567 162
568 450
569 134
570 257
571 361
572 398
573 317
574 451
575 167
576 508
577 395
578 234
579 53
580 6
581 306
582 526
583 343
584 22
585 549
586 30
587 462
588 213
589 268
590 144
591 210
592 57
593 120
594 555
595 481
596 247
597 73
598 264
599 306
600 259
601 532
602 28
603 45
604 362
605 307
606 561
607 97
608 7
609 536
610 376
611 414
612 200
613 198
614 489
615 156
616 559
617 93
618 487
619 269
620 334
621 5
622 138
623 226
624 271
625 463
626 464
627 389
628 183
629 199
630 461
631 40
632 386
633 130
634 374
635 5
636 575
637 231
638 99
639 582
640 151
641 354
642 317
643 394
644 235
645 440
646 185
647 261
648 609
649 248
650 520
651 495
652 333
653 535
654 502
655 385
656 56
657 397
658 338
659 479
660 457
661 453
662 368
663 393
664 30
665 375
666 626
667 63
668 226
669 616
670 91
671 625
672 497
673 653
674 262
675 26
676 91
677 148
678 499
679 261
680 112
681 140
682 500
683 127
684 73
685 332
686 90
687 619
688 294
689 632
690 671
691 416
692 231
693 304
694 372
695 470
696 375
697 425
698 282
699 128
700 576
701 15
702 182
703 369
704 677
705 74
706 115
707 521
708 112
709 88
710 406
711 72
712 121
713 575
714 577
715 193
716 2
717 206
718 497
719 79
720 186
721 718
722 577
723 684
724 562
725 137
726 198
727 111
728 235
729 93
730 417
731 669
732 565
733 48
734 99
735 298
736 278
737 264
738 656
739 556
740 436
741 723
742 1
743 350
744 83
745 318
746 548
747 425
748 504
749 201
750 82
751 590
752 26
753 745
754 230
755 560
756 292
757 508
758 163
759 620
760 275
761 318
762 472
763 551
764 647
765 214
766 366
767 570
768 722
769 219
770 704
771 634
772 688
773 719
774 222
775 102
776 125
777 263
778 79
779 380
780 78
781 354
782 343
783 646
784 634
785 170
786 551
787 443
788 207
789 330
790 381
791 285
792 388
793 585
794 604
795 758
796 11
797 794
798 275
799 305
800 225
801 427
802 242
803 89
804 244
805 647
806 369
807 456
808 8
809 169
810 322
811 372
812 321
813 658
814 133
815 704
816 782
817 421
818 278
819 322
820 121
821 10
822 385
823 818
824 674
825 410
826 805
827 168
828 677
829 91
830 517
831 203
832 755
833 800
834 264
835 701
836 685
837 372
838 102
839 383
840 540
841 689
842 549
843 413
844 53
845 234
846 354
847 503
848 671
849 455
850 369
851 117
852 186
853 184
854 643
855 644
856 138
857 725
858 105
859 50
860 740
861 491
862 133
863 184
864 714
865 8
866 193
867 744
868 741
869 644
870 747
871 112
872 773
873 848
874 171
875 635
876 785
877 39
878 435
879 336
880 94
881 298
882 312
883 418
884 230
885 166
886 445
887 446
888 785
889 407
890 373
891 206
892 87
893 443
894 197
895 809
896 449
897 627
898 871
899 461
900 874
901 207
902 726
903 649
904 530
905 33
906 539
907 213
908 252
909 22
910 216
911 641
912 660
913 360
914 911
915 816
916 894
917 807
918 462
919 250
920 621
921 42
922 889
923 556
924 109
925 696
926 176
927 329
928 513
929 873
930 470
931 875
932 676
933 109
934 33
935 21
936 557
937 184
938 503
939 205
940 69
941 340
942 593
943 290
944 126
945 27
946 355
947 82
948 370
949 619
950 686
951 644
952 792
953 666
954 280
955 521
956 857
957 926
958 47
959 83
960 172
961 705
962 24
963 580
964 14
965 256
966 143
967 234
968 517
969 852
970 442
971 706
972 185
973 753
974 537
975 625
976 904
977 681
978 583
979 618
980 876
981 801
982 729
983 917
984 954
985 843
986 911
987 383
988 571
989 877
990 948
991 303
992 612
993 743
994 813
995 233
996 511
997 788
998 545
999 539
1000 904
26 2 11 15 4 16 3 8 5 26 24 15 14 17 23 14 29 21 3 30 22 5 7 14 9 1 12 14 18 30 13 6 1 23 20 26 30 22 3 5 10 18 11 15 4 3 29 3 24 23 24 7 28 22 13 28 22 24 11 9 23 23 14 15 16 3 2 15 17 4 11 18 21 22 24 17 16 22 11 1 15 26 30 4 17 12 23 8 27 3 8 11 18 22 17 3 16 18 9 24 21 12 3 3 25 27 11 10 10 21 3 16 8 2 11 24 13 3 23 1 28 1 11 15 14 27 9 21 14 9 7 26 20 9 20 14 27 1 16 7 13 10 14 21 11 25 6 15 19 29 15 16 21 25 30 4 13 30 16 18 9 22 5 28 1 24 4 19 16 11 25 21 20 1 3 22 17 8 6 5 28 20 21 18 6 12 13 18 12 29 27 20 20 1 9 12 16 4 1 2 14 17 14 25 17 16 16 3 23 21 30 13 2 20 22 29 23 5 8 4 25 4 15 6 26 24 18 12 27 10 5 3 26 18 27 5 3 13 29 17 25 28 21 19 9 13 17 2 17 17 27 3 20 12 8 8 27 25 19 15 26 15 17 22 2 14 18 26 18 16 4 12 6 25 22 14 7 1 7 15 17 4 17 6 15 24 5 3 11 23 17 6 29 4 19 30 9 28 17 26 14 13 29 11 7 13 24 5 13 1 11 29 26 19 26 2 12 1 4 14 15 20 12 14 15 22 5 15 20 22 2 25 4 1 5 2 5 20 6 17 20 8 15 15 26 10 16 29 2 11 13 17 23 16 30 7 7 4 14 26 17 15 12 12 7 16 13 11 6 10 27 17 17 3 24 12 13 1 11 6 12 15 22 4 30 21 2 6 17 15 24 25 30 5 7 6 13 19 9 18 29 5 26 7 8 19 19 12 20 29 17 23 13 9 18 4 21 19 1 29 26 24 24 17 21 30 14 3 10 22 12 8 19 7 7 26 26 25 29 7 15 15 29 19 15 16 14 28 26 14 26 13 30 19 29 20 10 5 14 20 18 25 19 6 1 25 23 18 11 21 24 25 28 14 5 12 21 18 9 17 2 27 21 1 15 12 12 25 16 25 6 3 19 24 1 11 19 23 29 29 14 22 16 11 28 20 22 18 30 23 4 1 19 17 23 25 28 4 11 5 20 16 7 8 10 7 18 20 22 8 10 5 22 25 15 19 7 28 6 28 12 2 20 22 18 12 9 15 7 19 19 26 27 17 25 28 16 4 17 7 12 18 3 3 5 9 21 11 28 26 30 10 19 19 23 6 30 1 12 28 12 22 15 8 1 9 5 8 12 13 14 15 30 8 17 4 16 29 6 13 17 5 14 5 23 7 3 14 29 14 3 10 28 17 17 28 17 13 27 21 25 10 5 17 9 14 12 24 12 18 28 28 14 4 25 29 2 27 4 30 2 7 10 21 15 18 10 2 1 6 14 25 7 18 3 15 23 15 30 5 24 28 24 7 23 10 27 24 6 1 23 30 29 2 20 13 20 30 6 12 27 19 6 4 29 9 18 21 15 10 17 8 7 3 6 29 12 3 14 10 25 6 9 23 30 20 27 11 11 25 22 8 13 27 3 3 27 20 16 3 21 2 10 27 4 16 17 16 10 30 17 4 28 25 26 27 6 14 7 9 8 28 8 21 16 10 15 5 21 30 7 12 2 17 30 27 24 9 4 3 30 20 6 27 14 1 23 12 14 29 12 14 18 19 26 4 28 10 8 10 10 14 13 3 22 13 21 15 21 25 17 12 14 22 9 20 14 1 1 20 22 12 3 1 22 20 4 11 29 3 20 30 17 3 24 30 7 15 15 19 9 23 30 22 7 8 11 20 1 3 1 14 6 25 14 27 14 10 7 5 12 19 4 20 13 20 20 11 4 26 29 12 18 20 25 24 20 6 6 20 30 6 25 6 23 30 24 28 9 23 2 13 3 28 2 7 17 13 17 12 8 7 23 26 26 9 19 15 6 24 26 6 22 12 3 6 12 18 25 12 10 19 24 4 16 18 10 24 30 26 27 8 24 11 25 20 19 5 26 25 21 14 30 4 25 24 9 28 11 3 10 13 21 3 16 28 20 18 13 12 5 9 19 29 19 5 10 30 9 5 24 29 18 15 2 5 8 2 2 10 27 11 14 9 6 30 29 17 9 3 28 13 12 8 11 22 12 20 21 13 25 6 11 4 20 5 30 19 6 2 21 24 4 4 3 1 25 1 18 3
203
3 956
3 173
2 610 886 336
2 498 942 358
2 77 59 87
1 840
1 802
2 318 915 283
3 178
1 792
1 132
3 89
3 32
2 905 641 851
1 244
1 533
2 292 961 12
3 79
3 742
1 202
1 147
1 580
3 75
1 478
1 716
3 645
1 883
3 739
2 140 983 784
2 935 76 337
1 805
3 148
2 647 701 956
3 537
3 468
3 905
2 169 621 214
2 719 448 714
2 532 854 792
3 229
2 95 565 24
3 332
3 797
1 224
2 122 112 287
3 722
1 885
2 163 450 56
2 898 769 43
3 974
3 448
2 911 894 767
2 793 98 161
1 427
2 692 548 847
3 136
1 521
1 162
1 822
3 268
1 986
2 499 959 495
3 513
1 544
1 691
1 729
1 276
1 938
1 55
2 297 543 704
2 914 865 204
1 434
1 453
1 133
2 729 627 954
2 384 497 225
3 185
2 629 812 460
1 131
3 350
3 409
2 948 322 270
3 409
3 974
1 473
3 516
1 84
1 146
2 318 370 246
1 675
1 665
3 440
2 352 790 927
1 194
1 786
2 377 194 869
1 406
3 159
2 598 594 446
1 413
2 465 658 968
3 532
2 328 971 132
3 112
1 143
2 283 928 824
1 473
3 712
1 737
3 504
1 464
1 781
3 64
2 886 383 87
1 367
3 739
3 445
1 555
3 860
3 219
3 200
3 727
1 922
3 133
2 149 948 77
3 176
1 525
3 875
2 829 241 729
1 739
2 769 645 464
1 186
1 311
1 726
3 649
3 852
2 127 353 729
2 281 904 47
3 316
2 472 144 513
1 62
3 725
2 600 540 810
2 574 472 522
1 861
1 1
1 303
2 64 31 34
1 286
2 206 601 704
2 96 568 877
2 171 953 339
1 844
1 906
2 620 428 420
3 949
1 544
3 899
3 633
1 7
3 363
1 870
2 889 317 986
3 474
3 421
1 629
3 664
2 33 636 313
2 467 614 873
3 864
2 321 849 407
1 766
2 539 988 539
2 304 524 895
3 31
3 645
1 578
3 896
2 943 561 415
3 174
2 771 389 761
3 237
3 418
2 288 308 342
1 86
2 701 980 478
3 646
1 741
3 781
2 537 76 548
1 485
3 941
1 110
3 698
3 572
2 700 211 774
1 388
2 390 88 542
3 170
3 692
3 761
1 250
1 547
