100
29.400000 25.200000
86.200000 99.900000
43.000000 14.700000
73.400000 56.600000
8.600000 76.200000
49.200000 69.300000
21.100000 54.600000
61.600000 13.400000
67.300000 34.900000
6.000000 57.600000
28.300000 10.900000
25.400000 92.200000
44.700000 45.700000
88.900000 56.200000
16.800000 4.600000
29.900000 37.200000
72.300000 46.200000
96.100000 16.100000
7.900000 15.400000
26.800000 4.800000
74.100000 51.700000
6.300000 76.000000
89.400000 30.400000
65.300000 67.900000
25.500000 92.000000
2.900000 71.300000
98.700000 53.900000
34.800000 63.600000
19.800000 43.400000
83.300000 23.700000
96.100000 71.800000
18.000000 48.400000
64.500000 68.500000
83.900000 49.400000
89.400000 7.600000
59.300000 10.700000
21.900000 98.700000
29.100000 65.600000
68.700000 46.600000
73.800000 94.400000
0.900000 94.200000
83.300000 76.700000
40.300000 99.600000
78.200000 53.300000
12.300000 95.400000
67.200000 96.700000
45.100000 8.400000
76.900000 20.500000
5.100000 44.800000
52.400000 96.000000
41.900000 94.500000
93.200000 11.700000
12.500000 99.100000
45.700000 57.500000
51.900000 81.200000
10.700000 54.700000
31.400000 88.000000
87.600000 94.000000
82.600000 7.000000
37.600000 1.000000
97.800000 94.900000
3.300000 40.000000
60.500000 42.900000
87.800000 80.300000
11.500000 65.600000
95.300000 75.400000
87.200000 53.500000
52.600000 23.700000
81.200000 99.700000
16.200000 33.500000
88.200000 33.100000
21.100000 26.900000
56.100000 54.800000
97.000000 43.900000
80.200000 38.700000
33.600000 34.600000
9.900000 78.000000
56.100000 37.000000
52.500000 70.400000
71.300000 79.100000
54.600000 64.000000
17.500000 1.800000
25.600000 41.800000
76.700000 5.300000
38.800000 6.800000
75.200000 92.900000
55.000000 62.200000
17.100000 31.500000
10.700000 11.200000
49.900000 49.300000
19.200000 90.900000
4.100000 83.600000
20.600000 29.100000
99.500000 60.200000
39.400000 8.300000
72.300000 6.000000
7.900000 29.200000
6.200000 25.100000
30.400000 33.500000
75.500000 82.900000
