5
45 169
9 25 292
36 39 768
21 38 38
29 37 360
41 41 506
3 7 732
1 6 158
5 5 210
10 19 760
3 3 4
3 7 189
44 45 810
14 15 502
6 12 141
1 41 934
6 38 870
9 9 666
7 7 376
28 38 250
18 42 446
6 8 843
9 26 559
18 18 567
36 36 920
35 43 109
7 22 364
2 11 383
7 17 462
14 14 563
15 28 264
6 30 85
24 37 966
1 5 25
11 23 653
36 45 207
7 13 194
25 38 344
12 35 519
12 16 224
1 6 922
3 6 618
2 31 203
41 41 135
7 12 267
1 1 444
3 3 247
6 16 898
9 11 61
2 39 113
4 9 653
34 45 480
30 34 83
1 1 724
3 15 618
20 29 36
28 32 438
2 16 187
27 28 18
2 8 39
14 22 517
4 7 715
29 43 719
5 25 196
5 23 820
3 23 243
1 8 726
13 13 760
14 14 38
10 16 784
33 41 515
34 42 858
14 32 782
2 2 136
33 44 406
15 29 212
7 8 644
1 28 5
7 22 136
2 7 153
2 20 817
26 31 484
39 41 633
8 37 698
15 34 403
27 39 364
5 5 970
8 15 658
20 39 967
5 21 265
4 21 886
11 14 51
4 15 474
10 12 225
2 7 500
1 14 117
7 17 672
11 32 241
30 31 231
1 22 33
3 3 428
21 39 636
2 11 514
26 42 195
4 41 462
9 15 777
39 44 646
19 37 416
16 22 92
1 27 161
5 14 774
2 2 101
28 34 977
1 3 387
2 2 27
6 21 653
8 14 275
22 24 215
16 41 130
4 15 339
3 10 106
5 8 667
25 31 74
17 39 152
17 45 126
2 24 846
12 33 781
28 37 602
29 43 549
15 22 852
5 11 896
1 18 756
11 29 772
15 18 456
7 24 4
23 44 877
3 16 555
9 28 331
4 19 677
8 17 979
2 4 751
5 6 469
19 19 530
22 30 966
13 17 812
6 21 150
12 22 928
3 4 476
12 26 656
2 2 246
5 36 639
7 8 590
9 16 764
2 7 235
7 19 506
3 8 351
1 2 319
10 42 837
34 34 562
7 15 987
9 12 19
31 35 202
17 26 642
40 44 112
5 30 770
1 1 268
4 6 834
7 24 24
16 37 871
3 19 347
92 185
27 64 576
2 2 557
5 15 652
48 86 982
13 86 169
18 78 706
42 44 210
1 14 253
42 65 858
9 32 450
16 24 412
34 52 575
16 20 731
17 19 999
19 24 35
52 56 43
1 2 884
46 91 100
43 87 186
45 49 970
20 34 890
25 41 795
3 15 122
3 5 14
62 67 48
46 70 988
5 36 694
29 51 350
67 70 583
76 79 879
14 16 774
27 77 141
21 27 590
61 64 774
55 90 674
24 45 161
47 60 589
7 22 871
5 35 907
29 33 260
26 75 25
15 53 671
32 57 418
8 14 702
23 36 817
31 41 852
31 85 499
6 37 343
41 67 133
14 25 756
10 12 831
50 61 599
41 55 557
3 20 474
30 42 717
2 2 36
10 21 66
25 31 206
18 42 804
13 18 794
38 89 55
20 36 64
12 14 961
14 50 336
53 63 961
59 91 567
2 46 608
15 28 378
26 45 745
37 52 265
52 69 901
4 28 676
61 71 262
6 8 427
23 47 521
26 27 64
13 81 907
11 17 901
10 42 36
37 90 796
32 43 289
13 55 992
3 30 209
63 75 142
55 65 618
30 41 705
1 4 85
3 3 824
17 27 831
15 15 557
15 34 147
39 82 305
23 50 149
47 82 936
62 83 705
20 77 768
20 89 988
69 85 28
32 80 913
68 78 388
18 26 68
17 44 207
10 16 831
11 12 201
63 79 96
52 79 740
34 79 843
64 78 16
39 70 159
2 14 309
27 41 964
47 49 60
14 51 590
50 65 464
21 21 121
18 37 882
56 60 451
66 82 264
61 65 792
29 63 921
50 51 855
1 62 93
31 34 290
3 55 594
1 22 293
44 59 443
14 16 810
36 63 735
1 6 245
30 70 605
2 2 201
1 1 101
2 17 511
3 14 965
41 43 959
32 40 998
74 82 763
37 51 506
49 78 184
26 34 365
10 26 653
2 2 66
30 50 960
39 76 628
37 52 181
11 39 445
29 72 300
58 66 197
3 11 103
5 11 459
9 35 888
2 43 245
19 84 974
38 47 68
24 38 768
53 67 424
19 59 476
18 58 383
29 46 935
17 56 25
9 38 960
21 21 236
6 17 10
4 30 88
29 73 137
5 57 116
1 20 22
19 71 969
37 50 463
7 8 39
28 32 414
3 55 887
25 79 875
55 88 690
37 39 607
6 11 157
50 54 490
11 43 199
10 56 186
89 90 904
31 77 459
21 38 91
33 56 748
19 30 50
15 48 768
46 634
5 23 711
9 42 810
34 40 229
11 35 110
26 38 30
4 20 715
7 16 638
19 39 436
5 5 275
6 9 72
14 18 377
31 35 820
35 42 813
8 12 695
18 25 128
1 17 723
11 45 409
13 25 842
13 34 676
4 4 630
18 21 253
14 19 760
22 22 95
21 38 74
24 42 266
13 31 71
8 22 271
4 12 436
33 40 408
26 31 267
32 42 942
2 9 846
22 46 790
2 22 352
38 45 939
4 14 636
39 40 158
21 41 493
3 8 726
22 31 833
5 28 239
8 15 319
13 14 540
33 33 771
3 25 354
1 13 119
7 15 437
20 22 68
9 12 855
12 13 528
20 28 364
10 30 969
6 20 101
16 37 206
8 10 358
21 37 526
38 45 779
2 3 36
13 20 788
18 32 738
1 23 858
1 23 87
20 45 624
15 31 906
6 8 635
10 10 751
1 3 593
19 27 670
12 24 123
1 1 28
6 28 570
31 41 339
2 2 5
6 15 755
7 16 713
15 23 582
41 41 482
14 46 847
24 39 98
12 45 737
23 24 994
33 43 585
29 39 478
17 31 773
4 4 27
2 12 599
18 33 716
20 20 806
3 27 606
3 8 553
2 14 735
1 3 713
3 3 575
12 46 943
13 24 74
30 31 604
23 23 282
4 8 53
1 1 586
14 31 4
13 45 686
16 19 200
24 39 236
18 21 151
9 13 347
12 37 536
3 4 4
13 13 583
4 5 768
1 18 8
1 6 392
5 25 913
7 38 506
9 25 296
10 24 760
22 24 220
1 4 978
10 23 398
2 9 988
7 40 2
24 25 344
10 13 100
6 17 982
7 28 565
7 39 143
15 29 140
9 14 161
9 24 485
7 7 870
2 10 196
8 17 819
16 26 424
5 37 562
5 8 468
1 1 294
25 27 89
17 24 389
2 36 197
8 41 799
1 18 610
21 43 989
4 17 329
10 10 540
1 1 481
24 26 798
9 11 899
3 13 707
30 41 201
12 13 128
21 35 477
16 42 951
6 19 543
5 17 702
37 46 763
2 2 290
43 43 73
8 19 604
14 30 394
34 46 576
23 27 723
1 17 678
4 32 259
10 10 241
9 21 185
31 34 558
15 35 358
44 46 969
42 43 834
2 16 445
10 39 305
29 37 375
4 12 290
19 20 732
18 18 887
1 6 291
2 3 742
10 21 786
5 19 184
13 38 138
35 38 126
7 9 976
6 37 640
23 36 658
19 29 437
5 9 387
20 24 150
5 5 797
36 36 637
17 36 709
7 9 646
20 28 464
37 45 546
2 6 444
6 12 456
9 36 60
10 15 519
10 22 838
4 4 41
3 10 905
42 43 931
12 42 422
3 9 106
32 36 919
1 4 296
15 21 124
24 34 45
7 7 801
31 38 176
4 9 410
1 1 936
3 41 583
2 5 678
13 20 861
4 24 141
2 5 307
5 7 392
8 11 899
2 17 975
3 8 904
19 19 100
6 6 206
20 42 39
3 28 144
20 20 315
7 19 657
4 13 580
13 22 955
2 4 267
13 14 262
8 10 491
3 21 940
1 2 328
2 3 462
9 12 262
17 20 374
1 2 274
24 31 302
6 27 963
10 28 784
4 29 821
8 43 713
14 46 43
14 43 840
6 7 317
3 6 965
19 39 92
19 20 440
3 5 555
16 46 116
17 17 378
1 17 736
1 11 452
26 36 563
2 19 214
19 27 70
15 26 787
7 27 297
3 6 850
6 6 767
6 42 607
12 23 914
3 17 925
7 12 671
12 22 612
1 1 715
11 14 999
10 11 443
9 21 347
2 20 674
17 35 559
23 41 174
3 34 879
8 9 70
29 41 937
4 4 796
38 42 317
1 3 589
1 3 53
25 35 614
32 46 92
4 6 512
13 23 611
1 3 542
21 34 869
9 24 157
4 12 826
8 10 663
6 44 316
24 28 987
1 7 90
28 28 583
2 16 732
19 26 108
3 23 87
2 24 279
19 28 398
18 31 148
7 9 617
1 10 505
9 9 483
27 44 815
3 7 672
15 28 286
7 11 374
3 3 223
1 1 981
1 1 964
19 44 408
33 34 718
5 12 859
7 11 921
27 35 416
3 14 954
8 26 428
4 23 412
12 17 708
21 25 495
24 38 785
12 19 247
7 25 867
15 15 735
5 11 488
8 28 803
10 39 842
11 14 339
3 29 573
3 7 293
31 35 646
3 11 601
11 44 309
11 36 253
15 38 655
2 4 130
6 6 373
37 43 699
10 37 388
10 30 418
2 8 106
2 16 506
33 40 688
11 40 566
8 26 356
1 32 825
11 19 278
12 13 494
23 30 181
18 39 102
7 12 751
15 33 913
5 22 537
4 43 787
9 18 453
1 3 669
7 19 591
1 12 58
8 42 762
14 38 923
14 14 538
4 30 603
10 12 368
37 43 491
19 19 578
11 13 281
9 34 83
4 40 356
6 15 797
1 3 851
10 19 230
17 26 743
12 39 896
39 44 376
7 22 747
4 5 716
5 6 460
36 42 256
29 35 596
2 2 14
3 26 963
3 21 546
25 25 322
3 3 532
29 36 314
15 16 417
4 19 565
15 25 996
18 38 472
1 7 753
8 11 115
4 21 95
5 10 294
3 35 433
18 46 1
7 10 279
11 24 197
37 37 188
26 28 607
16 19 956
5 40 731
5 22 515
7 32 401
9 16 285
3 4 190
14 24 918
25 28 832
1 16 393
4 29 558
3 4 220
15 39 96
8 9 797
12 39 571
2 3 387
2 35 481
6 32 518
1 3 211
7 19 179
6 45 715
7 26 994
9 10 119
24 45 502
6 9 941
3 3 376
1 4 593
2 10 294
3 26 55
9 22 776
19 34 643
35 39 263
11 14 943
10 26 413
12 24 188
1 20 372
32 41 544
20 33 597
21 25 449
6 37 931
41 46 139
9 16 279
2 2 921
23 42 810
32 41 446
29 42 46
32 43 53
20 20 243
1 11 839
4 5 401
6 28 757
8 30 973
21 26 394
23 31 139
19 36 60
34 45 99
1 8 982
4 20 301
2 39 703
5 43 241
7 7 42
1 6 101
23 30 680
29 36 720
8 14 690
5 21 73
22 25 297
18 26 201
11 45 84
9 19 396
12 19 419
3 4 292
19 25 996
12 36 748
21 27 61
29 32 381
12 12 105
29 33 932
31 39 457
1 28 870
19 46 923
9 38 22
11 29 842
10 32 73
2 43 557
5 6 353
36 38 912
14 16 511
25 39 505
19 19 246
25 32 676
34 39 486
3 4 128
17 25 281
5 17 16
11 21 670
7 11 372
6 13 65
28 45 951
5 19 464
1 34 352
13 16 681
1 13 743
2 5 237
1 7 909
7 7 172
5 28 758
10 37 772
1 14 145
21 36 684
37 39 258
18 22 495
4 16 62
40 45 154
7 7 545
5 25 441
10 12 545
7 45 121
1 3 679
4 9 427
17 24 259
12 45 554
3 7 798
5 45 117
3 4 497
23 32 601
6 6 451
15 28 769
1 6 620
5 42 602
5 39 234
26 41 867
5 7 477
19 34 864
12 46 262
18 33 933
3 5 46
21 37 64
22 27 406
9 22 568
7 11 233
2 32 11
12 14 395
3 13 447
4 26 672
4 7 966
18 27 418
11 39 924
22 46 603
21 40 485
16 33 350
27 44 103
9 12 298
11 42 436
10 34 633
31 31 387
21 24 1
5 8 573
1 9 928
31 39 981
8 29 684
11 18 974
2 6 718
12 33 392
18 40 211
21 27 789
13 13 761
6 9 469
23 45 32
2 11 153
1 13 102
4 10 112
2 39 193
1 5 739
20 22 548
10 19 643
25 41 637
2 17 301
4 43 260
4 8 118
20 44 710
42 45 33
8 8 246
6 24 942
1 2 259
8 15 182
1 1 449
3 24 708
11 38 883
9 11 255
8 10 802
4 23 209
10 16 800
27 39 293
1 34 431
26 34 74
3 19 64
11 41 811
2 22 781
1 1 359
12 21 49
1 2 951
4 6 528
5 7 973
4 15 728
3 6 691
17 31 800
32 32 397
6 32 780
13 21 562
22 45 212
34 45 734
20 31 217
43 45 202
7 11 687
21 24 578
3 6 111
8 44 30
16 28 395
27 29 440
6 13 123
11 34 542
4 23 608
5 35 472
2 16 427
8 41 255
3 4 381
4 10 517
3 7 176
9 12 139
19 23 412
8 10 748
2 19 393
16 44 577
12 45 626
38 38 915
1 26 837
8 23 192
20 31 376
88 989
50 72 222
22 51 577
7 26 825
1 60 680
1 31 710
61 78 167
6 15 879
39 67 323
40 64 635
3 4 474
6 8 451
53 69 191
8 13 679
27 69 559
31 68 720
17 34 154
23 48 206
16 46 94
1 8 173
8 74 979
18 59 8
5 61 984
1 20 713
27 74 173
42 57 727
46 48 679
9 17 310
77 86 103
19 51 559
11 79 931
1 1 854
27 40 253
60 71 353
2 31 34
10 19 622
2 26 827
6 56 167
58 61 873
43 83 267
31 74 686
27 36 603
1 1 469
41 53 826
16 78 705
25 31 959
3 44 365
39 62 722
3 84 589
4 5 409
27 47 4
10 20 54
2 46 864
2 11 473
23 84 240
45 52 41
19 59 252
55 79 254
73 88 356
21 36 661
15 61 727
70 88 188
11 21 545
29 61 755
14 29 169
4 4 822
30 44 333
13 87 882
16 52 634
15 24 166
3 36 392
19 51 701
31 38 695
25 39 548
24 41 732
69 73 303
37 38 573
19 43 256
11 36 723
77 77 914
40 82 588
24 49 454
7 21 860
54 83 374
5 6 468
36 49 733
45 64 857
3 20 444
23 83 99
32 54 824
26 31 633
9 34 604
5 79 573
8 10 435
19 63 298
10 26 681
3 6 701
6 7 396
24 42 645
65 76 83
63 68 225
1 68 464
19 64 498
45 68 727
3 6 994
2 7 85
11 55 599
8 12 164
7 47 35
35 43 936
8 53 426
10 22 150
21 45 857
6 6 109
2 13 279
24 46 835
4 66 213
27 48 268
18 51 445
7 69 194
8 68 689
33 54 916
42 59 126
5 27 243
35 79 702
68 78 151
1 24 270
4 12 465
42 48 425
34 36 500
7 13 772
59 62 464
17 73 393
27 47 55
1 1 177
21 30 104
43 52 272
8 10 927
1 2 936
3 50 37
13 22 462
20 57 988
31 40 469
13 16 56
39 78 561
39 62 264
10 13 646
47 84 975
8 10 168
3 17 20
47 62 76
3 11 378
5 7 840
18 35 588
3 18 216
5 50 74
3 57 664
37 38 606
16 29 366
23 28 367
3 7 813
10 66 123
15 19 816
34 50 933
3 29 880
4 21 536
49 78 652
2 5 556
45 75 470
58 88 32
6 30 279
25 26 24
32 68 904
12 83 89
34 64 284
36 63 752
47 78 404
7 9 942
15 29 636
5 34 5
1 1 772
31 31 661
4 46 752
40 77 236
15 22 701
43 73 714
30 56 701
46 51 324
26 73 245
24 36 477
18 33 386
2 4 488
47 80 905
3 55 452
2 3 415
14 15 671
12 25 109
85 85 379
82 88 389
18 20 960
14 32 771
17 41 452
57 72 730
7 40 509
33 67 525
44 65 413
32 72 924
12 28 166
15 78 375
2 2 244
3 33 425
11 35 690
16 62 50
36 71 608
25 68 249
14 32 24
32 77 295
24 80 466
8 69 508
2 28 17
33 55 469
24 32 601
1 1 548
7 66 270
39 57 514
3 41 47
10 56 243
39 78 506
13 15 918
51 82 219
35 58 16
20 78 783
20 30 323
16 49 14
2 86 715
24 32 304
12 14 841
13 17 250
28 42 399
13 16 311
59 66 933
10 26 691
2 16 920
3 11 727
16 32 14
55 82 381
14 18 204
66 66 129
4 19 268
6 9 480
39 63 134
51 60 50
9 70 475
1 5 308
19 19 523
25 56 929
16 45 277
4 40 808
6 32 29
24 75 209
22 35 215
72 72 765
23 25 995
46 51 227
47 47 474
72 73 155
46 50 220
25 30 863
47 53 37
3 50 435
9 10 71
19 64 583
15 61 955
12 15 812
30 42 528
6 43 819
37 53 714
45 65 120
35 55 166
5 19 119
36 53 809
5 20 371
35 42 558
3 36 139
4 24 478
40 47 745
47 49 870
3 26 831
6 17 437
19 55 364
37 77 173
39 53 77
5 8 545
17 53 219
27 39 31
17 36 101
1 4 935
54 57 754
47 48 123
21 28 78
1 24 702
1 20 769
20 56 213
8 16 989
2 2 907
17 56 848
17 20 980
2 11 370
24 68 784
4 6 444
13 35 764
35 81 256
1 1 292
4 14 427
41 66 505
33 68 649
59 67 605
29 63 594
9 16 797
4 7 4
31 66 226
6 53 987
21 60 715
59 71 954
33 74 275
11 18 707
1 2 702
3 7 196
18 48 588
20 36 58
65 88 330
7 73 106
25 28 858
19 30 800
48 48 918
25 42 120
3 20 957
1 1 55
80 84 137
11 48 336
28 73 97
31 82 181
31 43 197
19 68 788
56 59 27
80 81 476
54 88 78
35 36 790
48 75 205
13 43 823
27 50 1
10 34 259
17 23 640
15 27 858
4 54 868
1 1 942
10 12 492
1 1 218
25 62 667
41 42 76
59 64 204
12 40 30
10 18 361
9 25 704
2 3 210
60 62 795
39 43 580
9 78 577
24 31 135
3 10 96
48 61 146
2 32 677
20 29 575
6 6 683
63 69 492
15 38 30
2 9 770
3 4 439
6 36 528
39 67 891
71 74 53
3 35 662
48 55 681
9 21 397
18 47 722
1 11 821
34 64 986
10 41 60
51 71 261
32 39 607
15 49 173
25 29 811
38 66 605
13 43 564
14 71 95
49 64 408
16 36 945
61 77 342
13 17 174
1 21 224
1 28 291
25 32 872
31 42 291
19 22 475
17 17 106
26 32 378
30 55 970
2 8 354
67 69 968
9 10 693
4 73 65
8 19 490
5 58 980
4 4 864
42 71 594
80 88 187
2 17 816
1 10 818
10 19 251
19 27 729
34 71 210
81 87 515
77 80 157
15 27 740
33 82 828
19 43 867
22 22 265
21 29 317
6 6 366
12 17 935
1 9 249
22 35 948
77 77 905
1 1 761
4 4 991
71 80 52
44 58 969
24 34 64
27 39 394
2 4 925
14 26 351
14 66 87
52 54 974
22 22 640
8 14 4
15 36 306
50 87 733
33 71 452
32 63 281
11 16 470
8 20 452
54 58 435
35 80 935
8 14 810
37 37 449
16 56 679
1 1 719
15 45 832
54 65 687
24 41 1
12 55 60
6 26 113
50 76 107
23 58 650
67 84 150
19 44 949
39 83 98
8 17 270
4 32 175
6 30 208
12 14 644
2 9 833
31 34 214
72 76 56
37 46 55
9 19 861
25 32 131
54 57 950
60 78 65
10 45 813
26 36 310
5 7 9
21 31 399
11 13 710
40 76 809
20 82 791
33 38 983
4 33 807
15 22 742
44 47 178
53 59 115
32 88 612
7 72 487
41 86 845
66 76 688
32 36 461
17 26 818
5 24 855
17 62 841
19 19 304
3 12 801
12 30 273
23 57 959
26 39 721
7 75 318
61 74 453
40 55 338
53 72 806
28 46 808
26 78 408
11 13 770
2 62 852
17 30 365
11 12 707
14 44 941
6 41 521
1 46 591
9 47 483
5 12 357
39 68 600
22 43 95
4 37 954
21 24 790
64 76 441
37 78 454
6 18 812
68 83 329
3 9 524
20 83 549
8 15 651
35 63 429
68 85 37
13 38 449
14 28 625
35 44 635
7 73 798
11 76 566
7 84 628
57 80 142
44 84 914
10 86 705
6 10 284
23 70 502
18 31 427
75 79 766
66 81 810
4 55 728
8 44 462
19 72 550
75 85 293
11 38 346
2 15 803
54 74 618
8 16 579
12 26 832
45 47 828
13 32 676
34 39 112
19 52 602
35 66 104
15 70 562
23 40 758
50 58 80
2 51 327
19 22 125
9 13 107
7 8 423
57 60 990
7 75 733
6 20 143
41 67 487
77 77 821
40 82 77
2 17 107
23 64 691
15 36 946
69 78 328
42 68 916
20 25 524
31 85 349
2 4 388
44 82 337
48 87 296
7 51 938
24 53 488
30 72 131
1 65 45
86 88 906
5 19 825
23 23 107
7 27 504
5 14 929
2 23 140
13 22 919
15 79 889
41 87 878
4 9 640
9 53 949
22 54 146
46 46 316
21 64 249
2 48 136
24 48 148
4 35 11
18 25 182
16 33 704
4 6 170
25 61 963
9 49 294
5 11 392
20 30 956
55 71 21
50 54 629
65 65 74
2 3 941
10 24 775
5 47 1000
4 24 718
26 42 128
6 8 760
23 55 71
32 74 213
43 78 114
1 2 618
38 43 643
33 80 428
22 22 850
13 29 549
63 66 825
32 74 174
6 9 913
11 23 642
31 51 496
2 28 327
40 78 792
23 24 776
49 51 983
41 76 582
24 25 534
27 33 837
13 22 530
30 87 272
35 72 731
47 80 888
14 38 816
9 13 158
25 28 338
7 43 706
40 56 979
75 85 990
38 73 496
8 26 569
13 17 771
2 11 569
46 75 228
17 34 446
11 71 2
49 80 42
43 65 521
36 68 561
4 9 38
13 24 513
5 8 331
15 27 989
10 43 459
10 23 886
37 76 748
56 78 28
15 15 955
12 39 766
3 7 297
3 52 77
23 36 729
19 31 983
8 27 728
17 37 481
25 50 697
1 5 65
28 32 641
14 50 52
44 55 991
5 31 305
13 43 211
20 43 831
30 58 86
7 9 202
6 81 978
24 82 63
52 66 554
19 34 620
25 53 820
21 83 191
25 59 598
3 14 75
2 12 258
22 33 254
9 51 355
4 12 604
56 59 733
22 28 696
59 63 609
26 42 120
21 57 306
53 78 247
45 49 924
43 58 770
28 55 912
1 1 399
14 53 295
1 1 592
5 24 989
14 48 180
6 32 821
9 41 124
11 31 918
13 35 640
8 12 493
1 3 453
11 41 935
28 79 196
22 86 504
8 66 678
8 13 611
25 73 550
34 36 625
1 1 38
28 65 449
13 13 508
3 9 172
33 47 172
8 42 907
9 34 634
25 39 176
5 49 839
8 31 868
21 31 891
77 84 973
9 68 729
21 48 557
52 75 103
33 38 606
54 72 406
22 26 34
24 57 662
78 79 414
55 74 207
20 76 327
72 72 620
55 88 888
1 4 67
2 10 351
77 79 596
30 76 831
10 37 314
6 11 948
15 32 708
4 30 631
11 29 518
49 56 524
50 55 172
16 25 985
26 55 166
6 18 403
5 64 521
21 42 358
29 45 484
4 16 789
2 62 246
3 4 935
84 87 411
5 35 776
10 11 988
70 88 452
13 27 552
31 35 302
42 80 467
45 59 254
7 24 341
62 69 347
2 35 512
56 61 901
17 21 216
12 16 53
2 11 594
31 42 799
5 7 321
39 50 865
68 87 415
10 12 488
11 14 960
1 77 353
1 9 653
6 57 377
8 21 926
39 70 470
9 29 422
43 45 560
34 69 729
10 76 174
14 19 830
8 10 107
16 59 483
5 87 595
9 23 246
2 5 634
6 18 764
25 55 104
23 86 554
26 86 159
28 36 913
58 81 680
6 59 712
10 14 223
61 88 267
45 53 141
62 78 642
7 18 92
12 25 58
24 58 603
47 56 918
39 80 315
2 8 794
54 87 64
41 85 148
11 72 972
20 44 357
1 29 725
1 8 339
1 1 574
36 59 956
6 25 666
43 83 459
5 5 873
2 52 799
19 23 185
18 58 16
17 38 353
25 43 705
13 45 923
15 18 515
10 61 747
6 14 946
1 1 175
33 33 9
11 87 361
37 39 429
26 55 149
19 39 316
4 15 340
15 17 119
44 76 625
18 30 174
18 40 559
10 54 195
53 70 229
31 71 984
58 75 465
34 87 803
44 50 282
18 70 529
9 28 149
31 36 158
2 2 15
15 80 944
20 35 448
35 63 359
6 23 691
6 39 854
36 65 199
5 34 296
27 51 365
9 39 799
33 36 896
16 18 182
2 57 666
60 65 412
35 55 496
15 57 66
17 86 494
63 68 766
49 84 2
47 72 177
18 86 817
7 53 128
5 26 658
3 28 634
28 39 688
44 71 340
7 8 688
12 77 718
2 35 958
49 60 556
58 60 317
42 52 311
49 75 130
14 28 220
3 13 293
11 12 390
17 79 12
38 79 62
29 44 483
24 26 343
22 37 792
22 26 373
48 72 972
4 81 957
25 69 37
1 1 763
20 22 497
8 17 435
60 79 343
17 65 574
9 48 952
19 23 645
18 20 132
78 87 71
63 67 95
30 48 890
9 74 147
58 66 907
10 52 238
44 66 394
9 79 986
4 14 980
19 58 37
15 38 638
3 4 4
28 34 777
20 51 700
37 86 135
25 40 792
33 45 857
13 14 674
37 47 385
6 18 363
5 38 931
12 36 45
15 55 95
32 71 194
5 18 838
64 88 462
2 47 112
41 72 360
21 73 157
8 9 148
18 27 168
29 61 936
62 65 545
52 63 588
8 40 861
41 62 972
28 43 160
19 74 816
3 9 631
5 38 232
14 17 358
33 73 295
35 56 46
26 40 91
23 51 130
19 23 297
18 35 86
76 82 2
13 49 70
80 88 26
55 63 584
60 76 970
9 10 284
18 71 621
5 17 822
3 3 427
3 3 899
10 16 701
59 73 839
30 46 174
24 71 501
5 22 341
14 23 979
22 26 313
1 7 281
4 4 39
2 30 616
1 1 817
3 5 811
10 11 228
40 72 3
1 4 493
11 16 992
3 3 249
3 3 651
95 862
35 50 427
19 39 243
33 56 759
11 14 465
59 85 344
13 25 724
43 95 795
41 41 845
14 17 911
16 86 257
6 7 994
4 20 345
60 83 865
3 13 196
24 55 106
60 78 18
40 48 775
12 90 876
8 11 225
34 37 576
2 3 956
22 76 372
12 63 131
16 57 310
6 34 358
45 89 588
4 4 699
18 55 750
11 27 849
7 28 70
6 15 922
2 41 535
6 39 801
49 71 181
47 55 492
28 72 725
33 46 660
54 71 387
41 95 455
13 30 477
29 56 7
54 87 390
9 39 969
18 91 962
63 66 916
9 9 935
13 95 37
68 85 700
50 63 800
42 47 913
59 61 317
16 17 616
51 81 885
3 30 902
6 8 680
38 50 576
47 54 178
6 17 888
82 89 102
12 13 372
1 2 768
16 70 563
17 70 290
2 34 103
10 32 532
14 26 422
33 79 144
23 48 414
4 5 914
2 38 803
22 85 909
1 4 535
23 76 773
36 48 240
7 12 601
20 30 124
9 16 391
24 61 493
39 59 426
10 70 45
46 47 263
38 43 44
7 82 706
28 46 133
22 65 227
15 42 667
20 31 731
17 78 246
3 10 803
2 7 854
17 78 67
15 36 617
21 41 363
15 68 298
16 55 876
30 32 277
15 20 273
4 5 711
15 33 653
1 12 716
65 75 351
12 18 169
8 34 354
1 4 28
65 68 136
42 49 573
31 70 519
30 49 12
5 49 896
25 29 596
28 59 860
11 86 952
37 60 913
47 58 450
26 27 750
19 32 336
8 16 226
7 9 502
85 85 411
25 60 105
12 32 791
64 79 181
45 45 597
31 62 753
1 8 595
23 32 701
48 64 997
10 34 105
30 36 89
3 3 305
12 44 765
28 44 170
17 17 41
87 90 379
1 78 267
4 47 137
5 39 265
12 35 816
24 77 153
7 22 172
19 87 468
6 41 603
58 65 178
2 25 104
19 70 534
11 33 218
41 45 491
11 16 929
27 56 682
20 50 864
44 59 579
2 18 970
2 5 217
12 62 269
37 57 229
67 93 341
2 7 8
11 57 874
24 80 749
4 13 720
27 51 740
4 42 277
15 31 500
21 33 97
35 38 502
15 31 277
15 53 264
37 47 77
18 48 533
19 36 783
16 30 703
5 21 760
4 49 556
81 83 621
43 46 58
2 7 103
93 93 975
51 58 516
7 12 653
2 9 67
13 93 974
26 40 952
50 54 323
5 41 950
1 67 159
6 89 473
4 6 936
8 13 556
35 73 910
64 70 394
6 16 727
17 55 352
12 33 897
47 80 157
30 32 284
18 20 779
42 69 567
41 41 966
53 79 349
6 38 304
14 47 261
27 35 274
20 24 750
1 60 596
26 34 786
9 84 23
3 25 763
9 46 332
1 6 893
3 11 98
39 66 366
40 73 669
49 71 960
15 15 561
13 37 476
9 14 161
33 37 438
5 6 948
2 30 246
12 87 242
1 55 680
3 40 640
13 93 473
14 58 780
5 10 364
1 75 214
77 80 108
74 90 612
24 49 395
5 40 453
1 1 145
64 67 27
21 87 724
32 76 337
19 95 814
72 76 939
1 9 87
8 12 372
15 30 127
51 70 243
11 39 818
4 4 569
27 35 812
1 11 212
14 39 975
8 59 282
2 84 589
18 55 36
25 64 572
1 50 442
2 2 239
19 66 995
70 94 996
34 77 420
39 70 46
62 85 588
28 88 557
63 71 764
6 22 821
60 83 473
6 7 174
39 80 420
60 76 238
25 84 350
20 80 798
41 65 747
4 10 134
13 26 45
12 22 557
10 29 794
14 21 648
5 32 638
42 63 982
5 55 842
1 12 133
16 69 479
33 87 864
42 60 524
38 40 848
56 83 406
48 51 640
32 35 140
6 8 253
53 56 622
60 69 723
19 21 248
60 86 489
22 69 650
24 35 200
5 7 957
59 59 747
5 13 743
31 34 717
6 9 257
17 25 713
11 59 234
35 86 567
6 11 845
50 56 815
15 42 683
1 3 593
40 50 192
12 22 823
73 75 113
73 73 905
28 30 34
4 6 330
13 92 953
14 58 834
27 35 116
3 12 556
18 34 145
16 37 375
1 26 849
5 59 838
4 13 416
24 93 181
4 4 621
4 9 739
12 42 732
1 13 558
38 73 315
19 40 746
7 41 566
79 84 735
1 2 614
24 42 140
2 2 528
19 79 677
33 47 698
14 36 977
23 53 754
21 45 924
1 35 310
50 95 24
1 9 322
69 90 589
31 59 155
1 3 323
13 74 928
18 18 85
25 39 702
1 72 274
47 56 177
6 12 906
6 6 355
39 42 883
10 21 726
7 40 800
3 9 900
19 72 405
5 43 873
82 91 321
59 65 144
1 1 257
8 78 396
10 12 526
20 31 435
8 41 1
6 22 604
22 22 590
45 71 935
16 30 743
5 38 938
16 36 477
4 14 89
54 77 94
27 27 729
13 13 148
10 40 377
36 84 345
50 60 135
7 14 800
8 8 967
4 5 458
10 14 236
2 39 949
25 27 185
73 90 315
21 74 844
18 82 23
48 91 553
13 45 9
10 35 712
9 26 805
8 15 600
71 80 494
21 39 11
1 13 233
6 39 217
7 45 214
16 47 518
16 16 710
35 79 884
10 80 330
42 51 524
2 3 906
5 11 569
1 1 241
54 80 421
4 7 190
17 47 539
45 71 954
12 95 884
26 26 293
6 60 344
5 19 920
7 34 320
12 38 730
2 20 463
26 58 419
37 42 916
19 57 859
3 55 608
20 68 873
14 23 458
7 31 316
53 75 290
68 92 392
1 1 853
9 25 242
14 18 124
17 23 665
47 54 630
1 1 197
33 33 401
2 7 765
26 27 843
72 94 906
16 20 492
16 72 77
13 63 850
7 33 349
46 63 880
30 44 973
5 10 273
13 13 475
52 69 499
18 26 664
2 4 699
20 30 770
59 59 943
7 35 134
19 19 552
51 58 158
1 27 822
12 46 355
47 47 720
3 11 557
24 24 259
18 85 28
8 26 107
18 59 970
7 12 930
19 30 968
5 19 632
7 8 676
2 2 863
5 26 387
69 78 155
66 81 9
3 5 26
2 8 407
26 27 206
23 26 596
42 45 903
4 94 101
16 86 666
46 93 448
20 36 111
2 20 352
39 68 646
23 48 231
85 87 296
1 12 689
33 64 622
25 86 917
18 22 928
6 9 375
61 62 166
2 4 207
20 20 230
18 36 340
3 13 858
2 59 66
2 9 227
74 75 27
50 68 495
88 90 139
23 67 699
32 77 681
9 9 740
31 53 605
1 24 332
7 43 476
6 39 634
40 52 708
71 80 501
4 19 328
48 50 988
5 20 591
20 42 841
56 88 382
7 13 446
31 89 680
9 39 420
15 23 343
16 27 13
66 69 710
48 67 807
44 71 823
1 89 612
27 41 755
37 57 591
19 53 34
35 82 444
5 59 401
51 53 634
27 38 637
3 4 550
6 17 774
4 60 989
17 41 287
6 11 272
5 86 275
3 16 124
30 35 451
80 95 317
47 80 221
9 11 491
17 27 818
2 55 794
4 39 609
58 65 646
49 49 54
74 83 809
8 8 33
32 36 422
29 94 340
42 64 496
5 6 401
60 88 172
12 16 126
19 20 313
31 57 380
79 86 7
60 89 638
18 23 25
27 37 801
39 68 306
21 26 738
17 21 870
1 17 393
48 50 891
10 42 339
12 68 660
37 51 680
17 28 202
13 84 190
8 16 920
15 22 178
9 29 485
77 90 283
16 53 532
49 70 878
1 4 725
18 28 531
4 49 383
7 10 351
2 4 126
71 85 909
18 77 98
45 61 514
31 54 986
4 70 475
35 69 63
9 44 108
58 79 896
1 1 155
15 33 684
49 58 141
34 93 263
52 66 920
37 81 504
1 2 610
44 53 223
9 17 356
29 39 334
14 47 64
22 31 733
1 1 262
25 73 826
19 82 263
27 27 503
17 47 430
21 26 920
15 56 698
62 71 646
15 21 146
9 14 548
2 47 329
3 10 398
49 80 204
7 28 613
39 95 257
35 64 316
1 3 850
30 47 320
59 87 621
10 22 259
29 71 269
9 10 791
7 19 792
63 70 838
35 49 786
35 55 597
29 40 844
6 17 180
25 26 993
14 17 994
11 12 269
2 16 77
64 93 597
11 44 91
43 79 710
15 56 234
1 2 582
44 61 804
9 17 841
17 84 541
65 82 803
21 52 605
5 6 47
6 19 685
7 25 131
4 16 641
49 59 235
41 52 58
33 43 134
7 28 82
7 20 162
4 92 642
58 61 17
4 34 725
26 83 308
61 63 551
1 26 403
7 10 707
32 33 642
7 18 200
42 76 79
32 33 194
59 86 974
31 47 719
28 48 169
25 72 31
55 80 596
8 72 444
7 9 379
58 95 593
1 32 626
65 90 280
13 30 864
34 50 72
24 73 587
8 26 891
14 19 978
9 11 377
17 54 202
87 89 234
15 51 258
26 48 85
42 79 707
1 13 140
66 69 165
24 42 385
54 89 405
41 46 277
3 14 59
7 22 41
19 90 125
3 3 391
67 74 678
2 15 17
16 56 125
25 56 818
18 85 480
21 29 408
39 53 695
40 71 773
25 81 532
13 13 947
6 53 3
29 37 859
11 15 642
41 59 586
1 2 934
11 48 14
14 20 554
9 61 404
61 69 853
9 90 805
51 73 346
1 6 180
38 86 800
3 3 722
26 75 978
11 18 325
12 61 38
20 25 177
23 25 134
19 54 32
3 19 263
70 84 207
6 73 880
5 40 407
10 41 309
5 64 361
30 38 675
1 12 296
6 61 645
64 74 605
27 57 122
59 66 552
35 42 104
61 89 68
43 77 733
6 6 681
1 13 277
4 24 73
2 4 474
1 18 36
23 54 210
1 1 695
42 47 669
23 85 932
19 19 205
4 18 467
8 9 744
21 42 723
24 49 932
48 50 504
2 2 175
10 21 854
77 87 803
39 82 551
8 48 207
9 23 376
64 66 826
2 24 528
12 94 481
20 55 680
11 74 25
8 13 991
11 33 831
64 77 946
6 44 457
10 10 394
32 72 493
14 53 678
39 67 374
15 24 53
28 33 456
4 53 439
39 80 752
43 65 360
17 87 898
37 66 217
6 24 489
6 57 104
10 14 489
3 37 223
32 77 811
36 42 129
10 42 680
48 68 617
2 10 842
4 12 914
27 93 856
2 31 196
31 36 463
7 11 841
2 14 304
16 16 581
29 29 14
5 83 433
6 61 784
8 13 875
21 36 452
13 13 6
34 91 864
19 50 751
7 10 70
59 95 926
63 72 107
9 20 70
64 93 822
57 88 260
14 75 953
69 76 388
13 43 20
66 89 338
23 56 916
4 20 916
5 17 115
4 91 543
4 20 168
1 2 481
39 43 746
2 47 818
41 41 246
29 58 195
12 15 153
2 13 776
19 68 348
8 17 529
16 31 104
23 79 856
58 74 13
44 49 376
4 13 304
42 63 660
48 49 546
60 82 384
9 59 450
25 56 499
62 89 304
4 54 688
13 45 909
23 34 623
1 1 218
40 85 65
38 84 854
12 52 851
7 7 269
5 61 278
7 16 67
26 84 804
53 68 673
16 16 715
49 61 99
21 58 423
30 60 233
1 80 328
2 35 837
30 86 459
57 58 721
44 71 726
7 16 683
7 58 954
37 52 564
2 7 520
50 85 130
15 42 642
39 54 89
22 83 622
51 91 93
45 66 452
45 58 738
5 20 564
73 74 200
28 29 216
