2000
0.000 99995995.000
157073.277 99995871.635
314146.167 99995501.540
471218.281 99994884.716
628289.233 99994021.165
785358.634 99992910.888
942426.098 99991553.889
1099491.236 99989950.170
1256553.661 99988099.737
1413612.986 99986002.592
1570668.823 99983658.742
1727720.785 99981068.193
1884768.484 99978230.950
2041811.532 99975147.020
2198849.542 99971816.412
2355882.127 99968239.133
2512908.898 99964415.193
2669929.470 99960344.601
2826943.453 99956027.366
2983950.462 99951463.499
3140950.108 99946653.013
3297942.004 99941595.918
3454925.762 99936292.227
3611900.996 99930741.953
3768867.318 99924945.110
3925824.340 99918901.712
4082771.676 99912611.774
4239708.938 99906075.312
4396635.739 99899292.341
4553551.692 99892262.879
4710456.410 99884986.942
4867349.504 99877464.550
5024230.589 99869695.719
5181099.278 99861680.470
5337955.182 99853418.822
5494797.916 99844910.796
5651627.091 99836156.413
5808442.322 99827155.693
5965243.221 99817908.660
6122029.402 99808415.337
6278800.477 99798675.746
6435556.060 99788689.911
6592295.763 99778457.858
6749019.201 99767979.612
6905725.986 99757255.198
7062415.732 99746284.643
7219088.052 99735067.974
7375742.560 99723605.218
7532378.869 99711896.405
7688996.592 99699941.562
7845595.344 99687740.719
8002174.738 99675293.907
8158734.386 99662601.156
8315273.904 99649662.498
8471792.905 99636477.964
8628291.003 99623047.586
8784767.811 99609371.399
8941222.944 99595449.436
9097656.015 99581281.730
9254066.638 99566868.318
9410454.428 99552209.235
9566818.999 99537304.516
9723159.964 99522154.199
9879476.939 99506758.321
10035769.536 99491116.919
10192037.372 99475230.034
10348280.060 99459097.703
10504497.214 99442719.966
10660688.450 99426096.865
10816853.381 99409228.440
10972991.623 99392114.732
11129102.790 99374755.784
11285186.498 99357151.639
11441242.360 99339302.340
11597269.992 99321207.931
11753269.009 99302868.456
11909239.025 99284283.962
12065179.657 99265454.494
12221090.520 99246380.098
12376971.228 99227060.821
12532821.397 99207496.712
12688640.642 99187687.818
12844428.580 99167634.188
13000184.825 99147335.872
13155908.994 99126792.920
13311600.702 99106005.382
13467259.564 99084973.310
13622885.198 99063696.756
13778477.218 99042175.772
13934035.242 99020410.411
14089558.884 98998400.727
14245047.762 98976146.774
14400501.492 98953648.608
14555919.690 98930906.283
14711301.973 98907919.856
14866647.957 98884689.384
15021957.259 98861214.924
15177229.495 98837496.533
15332464.284 98813534.270
15487661.241 98789328.196
15642819.984 98764878.368
15797940.130 98740184.847
15953021.296 98715247.695
16108063.099 98690066.973
16263065.158 98664642.744
16418027.089 98638975.068
16572948.510 98613064.012
16727829.039 98586909.637
16882668.293 98560512.008
17037465.892 98533871.192
17192221.452 98506987.253
17346934.592 98479860.257
17501604.930 98452490.273
17656232.085 98424877.366
17810815.675 98397021.607
17965355.318 98368923.062
18119850.634 98340581.801
18274301.240 98311997.896
18428706.757 98283171.415
18583066.803 98254102.430
18737380.996 98224791.012
18891648.958 98195237.235
19045870.305 98165441.171
19200044.660 98135402.894
19354171.639 98105122.477
19508250.865 98074599.995
19662281.956 98043835.524
19816264.532 98012829.140
19970198.213 97981580.919
20124082.620 97950090.938
20277917.373 97918359.275
20431702.091 97886386.008
20585436.397 97854171.216
20739119.910 97821714.979
20892752.252 97789017.376
21046333.043 97756078.489
21199861.904 97722898.398
21353338.456 97689477.186
21506762.321 97655814.934
21660133.121 97621911.727
21813450.476 97587767.647
21966714.009 97553382.779
22119923.341 97518757.208
22273078.094 97483891.019
22426177.891 97448784.299
22579222.353 97413437.133
22732211.103 97377849.609
22885143.764 97342021.815
23038019.958 97305953.839
23190839.308 97269645.770
23343601.437 97233097.698
23496305.968 97196309.713
23648952.524 97159281.906
23801540.729 97122014.368
23954070.205 97084507.192
24106540.578 97046760.468
24258951.470 97008774.292
24411302.505 96970548.756
24563593.308 96932083.955
24715823.503 96893379.984
24867992.713 96854436.937
25020100.565 96815254.912
25172146.682 96775834.005
25324130.689 96736174.314
25476052.212 96696275.935
25627910.874 96656138.968
25779706.303 96615763.512
25931438.122 96575149.666
26083105.959 96534297.530
26234709.438 96493207.205
26386248.185 96451878.793
26537721.827 96410312.396
26689129.990 96368508.116
26840472.299 96326466.056
26991748.383 96284186.320
27142957.868 96241669.012
27294100.379 96198914.238
27445175.545 96155922.102
27596182.993 96112692.711
27747122.351 96069226.172
27897993.245 96025522.591
28048795.303 95981582.077
28199528.154 95937404.738
28350191.425 95892990.683
28500784.745 95848340.022
28651307.742 95803452.864
28801760.045 95758329.321
28952141.282 95712969.504
29102451.083 95667373.524
29252689.076 95621541.495
29402854.892 95575473.529
29552948.158 95529169.740
29702968.506 95482630.242
29852915.565 95435855.151
30002788.964 95388844.581
30152588.335 95341598.648
30302313.307 95294117.469
30451963.511 95246401.162
30601538.578 95198449.844
30751038.139 95150263.633
30900461.824 95101842.648
31049809.266 95053187.009
31199080.096 95004296.836
31348273.944 94955172.249
31497390.445 94905813.369
31646429.228 94856220.319
31795389.927 94806393.220
31944272.174 94756332.196
32093075.602 94706037.371
32241799.843 94655508.867
32390444.531 94604746.811
32539009.298 94553751.327
32687493.779 94502522.540
32835897.607 94451060.579
32984220.415 94399365.568
33132461.838 94347437.637
33280621.510 94295276.912
33428699.065 94242883.524
33576694.139 94190257.600
33724606.365 94137399.271
33872435.379 94084308.668
34020180.816 94030985.921
34167842.312 93977431.162
34315419.502 93923644.523
34462912.023 93869626.136
34610319.509 93815376.136
34757641.598 93760894.655
34904877.926 93706181.829
35052028.129 93651237.793
35199091.845 93596062.681
35346068.711 93540656.630
35492958.364 93485019.776
35639760.442 93429152.258
35786474.582 93373054.213
35933100.422 93316725.779
36079637.601 93260167.095
36226085.758 93203378.301
36372444.530 93146359.537
36518713.556 93089110.943
36664892.476 93031632.662
36810980.930 92973924.834
36956978.555 92915987.602
37102884.994 92857821.109
37248699.884 92799425.499
37394422.867 92740800.916
37540053.583 92681947.503
37685591.673 92622865.408
37831036.777 92563554.774
37976388.537 92504015.749
38121646.594 92444248.480
38266810.589 92384253.114
38411880.165 92324029.798
38556854.964 92263578.683
38701734.627 92202899.916
38846518.798 92141993.648
38991207.118 92080860.028
39135799.232 92019499.208
39280294.782 91957911.339
39424693.412 91896096.573
39568994.765 91834055.063
39713198.486 91771786.961
39857304.219 91709292.422
40001311.607 91646571.598
40145220.296 91583624.647
40289029.931 91520451.721
40432740.157 91457052.978
40576350.619 91393428.574
40719860.962 91329578.666
40863270.834 91265503.411
41006579.880 91201202.967
41149787.746 91136677.493
41292894.078 91071927.149
41435898.525 91006952.094
41578800.733 90941752.488
41721600.349 90876328.493
41864297.021 90810680.269
42006890.398 90744807.979
42149380.126 90678711.785
42291765.855 90612391.850
42434047.234 90545848.339
42576223.910 90479081.414
42718295.534 90412091.242
42860261.755 90344877.986
43002122.223 90277441.813
43143876.587 90209782.890
43285524.497 90141901.383
43427065.605 90073797.460
43568499.561 90005471.289
43709826.016 89936923.039
43851044.622 89868152.877
43992155.029 89799160.976
44133156.890 89729947.503
44274049.857 89660512.631
44414833.582 89590856.531
44555507.718 89520979.374
44696071.918 89450881.333
44836525.834 89380562.580
44976869.121 89310023.290
45117101.432 89239263.637
45257222.421 89168283.794
45397231.742 89097083.938
45537129.050 89025664.243
45676914.000 88954024.886
45816586.246 88882166.045
45956145.445 88810087.895
46095591.251 88737790.615
46234923.321 88665274.384
46374141.311 88592539.379
46513244.878 88519585.782
46652233.677 88446413.771
46791107.367 88373023.528
46929865.605 88299415.232
47068508.047 88225589.067
47207034.353 88151545.214
47345444.180 88077283.856
47483737.187 88002805.176
47621913.033 87928109.357
47759971.376 87853196.585
47897911.876 87778067.044
48035734.193 87702720.919
48173437.987 87627158.396
48311022.917 87551379.662
48448488.645 87475384.904
48585834.831 87399174.309
48723061.136 87322748.065
48860167.222 87246106.361
48997152.750 87169249.386
49134017.382 87092177.329
49270760.782 87014890.381
49407382.610 86937388.732
49543882.531 86859672.575
49680260.207 86781742.099
49816515.303 86703597.498
49952647.480 86625238.965
50088656.405 86546666.692
50224541.741 86467880.875
50360303.153 86388881.706
50495940.305 86309669.381
50631452.864 86230244.096
50766840.495 86150606.046
50902102.864 86070755.429
51037239.637 85990692.440
51172250.481 85910417.277
51307135.062 85829930.140
51441893.048 85749231.225
51576524.106 85668320.733
51711027.904 85587198.863
51845404.111 85505865.814
51979652.394 85424321.789
52113772.422 85342566.987
52247763.865 85260601.612
52381626.392 85178425.864
52515359.672 85096039.947
52648963.376 85013444.063
52782437.173 84930638.418
52915780.736 84847623.215
53048993.733 84764398.658
53182075.838 84680964.954
53315026.721 84597322.308
53447846.055 84513470.927
53580533.512 84429411.017
53713088.763 84345142.786
53845511.484 84260666.441
53977801.345 84175982.192
54109958.022 84091090.247
54241981.188 84005990.815
54373870.517 83920684.107
54505625.684 83835170.333
54637246.364 83749449.704
54768732.232 83663522.432
54900082.963 83577388.728
55031298.234 83491048.806
55162377.721 83404502.877
55293321.100 83317751.156
55424128.048 83230793.857
55554798.243 83143631.194
55685331.362 83056263.383
55815727.083 82968690.638
55945985.084 82880913.177
56076105.044 82792931.215
56206086.641 82704744.970
56335929.556 82616354.659
56465633.467 82527760.500
56595198.055 82438962.712
56724623.001 82349961.515
56853907.983 82260757.127
56983052.685 82171349.769
57112056.786 82081739.661
57240919.969 81991927.024
57369641.915 81901912.081
57498222.308 81811695.053
57626660.830 81721276.163
57754957.164 81630655.633
57883110.993 81539833.688
58011122.001 81448810.552
58138989.872 81357586.448
58266714.291 81266161.603
58394294.943 81174536.242
58521731.513 81082710.591
58649023.687 80990684.876
58776171.149 80898459.324
58903173.588 80806034.164
59030030.688 80713409.623
59156742.138 80620585.930
59283307.625 80527563.313
59409726.835 80434342.003
59535999.459 80340922.228
59662125.183 80247304.221
59788103.696 80153488.211
59913934.689 80059474.431
60039617.850 79965263.112
60165152.869 79870854.486
60290539.436 79776248.787
60415777.243 79681446.248
60540865.979 79586447.103
60665805.337 79491251.587
60790595.009 79395859.933
60915234.685 79300272.378
61039724.059 79204489.158
61164062.824 79108510.509
61288250.673 79012336.667
61412287.298 78915967.870
61536172.396 78819404.355
61659905.658 78722646.362
61783486.781 78625694.128
61906915.460 78528547.894
62030191.389 78431207.898
62153314.265 78333674.380
62276283.784 78235947.582
62399099.642 78138027.745
62521761.537 78039915.110
62644269.165 77941609.919
62766622.225 77843112.415
62888820.415 77744422.841
63010863.432 77645541.440
63132750.977 77546468.457
63254482.748 77447204.135
63376058.444 77347748.720
63497477.767 77248102.457
63618740.416 77148265.593
63739846.092 77048238.372
63860794.496 76948021.043
63981585.330 76847613.852
64102218.296 76747017.047
64222693.096 76646230.876
64343009.433 76545255.589
64463167.010 76444091.434
64583165.530 76342738.660
64703004.698 76241197.519
64822684.217 76139468.260
64942203.794 76037551.134
65061563.131 75935446.393
65180761.936 75833154.289
65299799.914 75730675.075
65418676.771 75628009.002
65537392.213 75525156.325
65655945.949 75422117.297
65774337.686 75318892.172
65892567.130 75215481.206
66010633.992 75111884.653
66128537.978 75008102.768
66246278.799 74904135.809
66363856.164 74799984.031
66481269.783 74695647.692
66598519.366 74591127.048
66715604.623 74486422.358
66832525.267 74381533.881
66949281.008 74276461.874
67065871.558 74171206.598
67182296.630 74065768.312
67298555.936 73960147.275
67414649.190 73854343.750
67530576.104 73748357.996
67646336.394 73642190.275
67761929.773 73535840.850
67877355.956 73429309.982
67992614.659 73322597.935
68107705.597 73215704.971
68222628.485 73108631.355
68337383.041 73001377.351
68451968.982 72893943.223
68566386.024 72786329.236
68680633.885 72678535.657
68794712.283 72570562.750
68908620.938 72462410.783
69022359.567 72354080.022
69135927.891 72245570.734
69249325.628 72136883.188
69362552.500 72028017.651
69475608.226 71918974.392
69588492.528 71809753.680
69701205.128 71700355.785
69813745.747 71590780.977
69926114.107 71481029.525
70038309.932 71371101.701
70150332.944 71260997.775
70262182.867 71150718.021
70373859.425 71040262.709
70485362.342 70929632.112
70596691.344 70818826.503
70707846.156 70707846.156
70818826.503 70596691.344
70929632.112 70485362.342
71040262.709 70373859.425
71150718.021 70262182.867
71260997.775 70150332.944
71371101.701 70038309.932
71481029.525 69926114.107
71590780.977 69813745.747
71700355.785 69701205.128
71809753.680 69588492.528
71918974.392 69475608.226
72028017.651 69362552.500
72136883.188 69249325.628
72245570.734 69135927.891
72354080.022 69022359.567
72462410.783 68908620.938
72570562.750 68794712.283
72678535.657 68680633.885
72786329.236 68566386.024
72893943.223 68451968.982
73001377.351 68337383.041
73108631.355 68222628.485
73215704.971 68107705.597
73322597.935 67992614.659
73429309.982 67877355.956
73535840.850 67761929.773
73642190.275 67646336.394
73748357.996 67530576.104
73854343.750 67414649.190
73960147.275 67298555.936
74065768.312 67182296.630
74171206.598 67065871.558
74276461.874 66949281.008
74381533.881 66832525.267
74486422.358 66715604.623
74591127.048 66598519.366
74695647.692 66481269.783
74799984.031 66363856.164
74904135.809 66246278.799
75008102.768 66128537.978
75111884.653 66010633.992
75215481.206 65892567.130
75318892.172 65774337.686
75422117.297 65655945.949
75525156.325 65537392.213
75628009.002 65418676.771
75730675.075 65299799.914
75833154.289 65180761.936
75935446.393 65061563.131
76037551.134 64942203.794
76139468.260 64822684.217
76241197.519 64703004.698
76342738.660 64583165.530
76444091.434 64463167.010
76545255.589 64343009.433
76646230.876 64222693.096
76747017.047 64102218.296
76847613.852 63981585.330
76948021.043 63860794.496
77048238.372 63739846.092
77148265.593 63618740.416
77248102.457 63497477.767
77347748.720 63376058.444
77447204.135 63254482.748
77546468.457 63132750.977
77645541.440 63010863.432
77744422.841 62888820.415
77843112.415 62766622.225
77941609.919 62644269.165
78039915.110 62521761.537
78138027.745 62399099.642
78235947.582 62276283.784
78333674.380 62153314.265
78431207.898 62030191.389
78528547.894 61906915.460
78625694.128 61783486.781
78722646.362 61659905.658
78819404.355 61536172.396
78915967.870 61412287.298
79012336.667 61288250.673
79108510.509 61164062.824
79204489.158 61039724.059
79300272.378 60915234.685
79395859.933 60790595.009
79491251.587 60665805.337
79586447.103 60540865.979
79681446.248 60415777.243
79776248.787 60290539.436
79870854.486 60165152.869
79965263.112 60039617.850
80059474.431 59913934.689
80153488.211 59788103.696
80247304.221 59662125.183
80340922.228 59535999.459
80434342.003 59409726.835
80527563.313 59283307.625
80620585.930 59156742.138
80713409.623 59030030.688
80806034.164 58903173.588
80898459.324 58776171.149
80990684.876 58649023.687
81082710.591 58521731.513
81174536.242 58394294.943
81266161.603 58266714.291
81357586.448 58138989.872
81448810.552 58011122.001
81539833.688 57883110.993
81630655.633 57754957.164
81721276.163 57626660.830
81811695.053 57498222.308
81901912.081 57369641.915
81991927.024 57240919.969
82081739.661 57112056.786
82171349.769 56983052.685
82260757.127 56853907.983
82349961.515 56724623.001
82438962.712 56595198.055
82527760.500 56465633.467
82616354.659 56335929.556
82704744.970 56206086.641
82792931.215 56076105.044
82880913.177 55945985.084
82968690.638 55815727.083
83056263.383 55685331.362
83143631.194 55554798.243
83230793.857 55424128.048
83317751.156 55293321.100
83404502.877 55162377.721
83491048.806 55031298.234
83577388.728 54900082.963
83663522.432 54768732.232
83749449.704 54637246.364
83835170.333 54505625.684
83920684.107 54373870.517
84005990.815 54241981.188
84091090.247 54109958.022
84175982.192 53977801.345
84260666.441 53845511.484
84345142.786 53713088.763
84429411.017 53580533.512
84513470.927 53447846.055
84597322.308 53315026.721
84680964.954 53182075.838
84764398.658 53048993.733
84847623.215 52915780.736
84930638.418 52782437.173
85013444.063 52648963.376
85096039.947 52515359.672
85178425.864 52381626.392
85260601.612 52247763.865
85342566.987 52113772.422
85424321.789 51979652.394
85505865.814 51845404.111
85587198.863 51711027.904
85668320.733 51576524.106
85749231.225 51441893.048
85829930.140 51307135.062
85910417.277 51172250.481
85990692.440 51037239.637
86070755.429 50902102.864
86150606.046 50766840.495
86230244.096 50631452.864
86309669.381 50495940.305
86388881.706 50360303.153
86467880.875 50224541.741
86546666.692 50088656.405
86625238.965 49952647.480
86703597.498 49816515.303
86781742.099 49680260.207
86859672.575 49543882.531
86937388.732 49407382.610
87014890.381 49270760.782
87092177.329 49134017.382
87169249.386 48997152.750
87246106.361 48860167.222
87322748.065 48723061.136
87399174.309 48585834.831
87475384.904 48448488.645
87551379.662 48311022.917
87627158.396 48173437.987
87702720.919 48035734.193
87778067.044 47897911.876
87853196.585 47759971.376
87928109.357 47621913.033
88002805.176 47483737.187
88077283.856 47345444.180
88151545.214 47207034.353
88225589.067 47068508.047
88299415.232 46929865.605
88373023.528 46791107.367
88446413.771 46652233.677
88519585.782 46513244.878
88592539.379 46374141.311
88665274.384 46234923.321
88737790.615 46095591.251
88810087.895 45956145.445
88882166.045 45816586.246
88954024.886 45676914.000
89025664.243 45537129.050
89097083.938 45397231.742
89168283.794 45257222.421
89239263.637 45117101.432
89310023.290 44976869.121
89380562.580 44836525.834
89450881.333 44696071.918
89520979.374 44555507.718
89590856.531 44414833.582
89660512.631 44274049.857
89729947.503 44133156.890
89799160.976 43992155.029
89868152.877 43851044.622
89936923.039 43709826.016
90005471.289 43568499.561
90073797.460 43427065.605
90141901.383 43285524.497
90209782.890 43143876.587
90277441.813 43002122.223
90344877.986 42860261.755
90412091.242 42718295.534
90479081.414 42576223.910
90545848.339 42434047.234
90612391.850 42291765.855
90678711.785 42149380.126
90744807.979 42006890.398
90810680.269 41864297.021
90876328.493 41721600.349
90941752.488 41578800.733
91006952.094 41435898.525
91071927.149 41292894.078
91136677.493 41149787.746
91201202.967 41006579.880
91265503.411 40863270.834
91329578.666 40719860.962
91393428.574 40576350.619
91457052.978 40432740.157
91520451.721 40289029.931
91583624.647 40145220.296
91646571.598 40001311.607
91709292.422 39857304.219
91771786.961 39713198.486
91834055.063 39568994.765
91896096.573 39424693.412
91957911.339 39280294.782
92019499.208 39135799.232
92080860.028 38991207.118
92141993.648 38846518.798
92202899.916 38701734.627
92263578.683 38556854.964
92324029.798 38411880.165
92384253.114 38266810.589
92444248.480 38121646.594
92504015.749 37976388.537
92563554.774 37831036.777
92622865.408 37685591.673
92681947.503 37540053.583
92740800.916 37394422.867
92799425.499 37248699.884
92857821.109 37102884.994
92915987.602 36956978.555
92973924.834 36810980.930
93031632.662 36664892.476
93089110.943 36518713.556
93146359.537 36372444.530
93203378.301 36226085.758
93260167.095 36079637.601
93316725.779 35933100.422
93373054.213 35786474.582
93429152.258 35639760.442
93485019.776 35492958.364
93540656.630 35346068.711
93596062.681 35199091.845
93651237.793 35052028.129
93706181.829 34904877.926
93760894.655 34757641.598
93815376.136 34610319.509
93869626.136 34462912.023
93923644.523 34315419.502
93977431.162 34167842.312
94030985.921 34020180.816
94084308.668 33872435.379
94137399.271 33724606.365
94190257.600 33576694.139
94242883.524 33428699.065
94295276.912 33280621.510
94347437.637 33132461.838
94399365.568 32984220.415
94451060.579 32835897.607
94502522.540 32687493.779
94553751.327 32539009.298
94604746.811 32390444.531
94655508.867 32241799.843
94706037.371 32093075.602
94756332.196 31944272.174
94806393.220 31795389.927
94856220.319 31646429.228
94905813.369 31497390.445
94955172.249 31348273.944
95004296.836 31199080.096
95053187.009 31049809.266
95101842.648 30900461.824
95150263.633 30751038.139
95198449.844 30601538.578
95246401.162 30451963.511
95294117.469 30302313.307
95341598.648 30152588.335
95388844.581 30002788.964
95435855.151 29852915.565
95482630.242 29702968.506
95529169.740 29552948.158
95575473.529 29402854.892
95621541.495 29252689.076
95667373.524 29102451.083
95712969.504 28952141.282
95758329.321 28801760.045
95803452.864 28651307.742
95848340.022 28500784.745
95892990.683 28350191.425
95937404.738 28199528.154
95981582.077 28048795.303
96025522.591 27897993.245
96069226.172 27747122.351
96112692.711 27596182.993
96155922.102 27445175.545
96198914.238 27294100.379
96241669.012 27142957.868
96284186.320 26991748.383
96326466.056 26840472.300
96368508.116 26689129.990
96410312.396 26537721.827
96451878.793 26386248.185
96493207.205 26234709.438
96534297.530 26083105.959
96575149.666 25931438.122
96615763.512 25779706.303
96656138.968 25627910.874
96696275.935 25476052.212
96736174.314 25324130.689
96775834.005 25172146.682
96815254.912 25020100.565
96854436.937 24867992.713
96893379.984 24715823.503
96932083.955 24563593.308
96970548.756 24411302.505
97008774.292 24258951.470
97046760.468 24106540.578
97084507.192 23954070.205
97122014.368 23801540.729
97159281.906 23648952.524
97196309.713 23496305.968
97233097.698 23343601.437
97269645.770 23190839.308
97305953.839 23038019.958
97342021.815 22885143.764
97377849.609 22732211.103
97413437.133 22579222.353
97448784.299 22426177.891
97483891.019 22273078.094
97518757.208 22119923.341
97553382.779 21966714.009
97587767.647 21813450.476
97621911.727 21660133.121
97655814.934 21506762.321
97689477.186 21353338.456
97722898.398 21199861.904
97756078.489 21046333.043
97789017.376 20892752.252
97821714.979 20739119.910
97854171.216 20585436.397
97886386.008 20431702.091
97918359.275 20277917.373
97950090.938 20124082.620
97981580.919 19970198.213
98012829.140 19816264.532
98043835.524 19662281.956
98074599.995 19508250.865
98105122.477 19354171.639
98135402.894 19200044.660
98165441.171 19045870.305
98195237.235 18891648.958
98224791.012 18737380.996
98254102.430 18583066.803
98283171.415 18428706.757
98311997.896 18274301.240
98340581.801 18119850.634
98368923.062 17965355.318
98397021.607 17810815.675
98424877.366 17656232.085
98452490.273 17501604.930
98479860.257 17346934.592
98506987.253 17192221.452
98533871.192 17037465.892
98560512.008 16882668.293
98586909.637 16727829.039
98613064.012 16572948.510
98638975.068 16418027.089
98664642.744 16263065.158
98690066.973 16108063.099
98715247.695 15953021.296
98740184.847 15797940.130
98764878.368 15642819.984
98789328.196 15487661.241
98813534.270 15332464.284
98837496.533 15177229.495
98861214.924 15021957.259
98884689.384 14866647.957
98907919.856 14711301.973
98930906.283 14555919.690
98953648.608 14400501.492
98976146.774 14245047.762
98998400.727 14089558.884
99020410.411 13934035.242
99042175.772 13778477.218
99063696.756 13622885.198
99084973.310 13467259.564
99106005.382 13311600.702
99126792.920 13155908.994
99147335.872 13000184.825
99167634.188 12844428.580
99187687.818 12688640.642
99207496.712 12532821.397
99227060.821 12376971.228
99246380.098 12221090.520
99265454.494 12065179.657
99284283.962 11909239.025
99302868.456 11753269.009
99321207.931 11597269.992
99339302.340 11441242.360
99357151.639 11285186.498
99374755.784 11129102.790
99392114.732 10972991.623
99409228.440 10816853.381
99426096.865 10660688.450
99442719.966 10504497.214
99459097.703 10348280.060
99475230.034 10192037.372
99491116.919 10035769.536
99506758.321 9879476.939
99522154.199 9723159.964
99537304.516 9566818.999
99552209.235 9410454.428
99566868.318 9254066.638
99581281.730 9097656.015
99595449.436 8941222.944
99609371.399 8784767.811
99623047.586 8628291.003
99636477.964 8471792.905
99649662.498 8315273.904
99662601.156 8158734.386
99675293.907 8002174.738
99687740.719 7845595.344
99699941.562 7688996.592
99711896.405 7532378.869
99723605.218 7375742.560
99735067.974 7219088.052
99746284.643 7062415.732
99757255.198 6905725.986
99767979.612 6749019.201
99778457.858 6592295.763
99788689.911 6435556.060
99798675.746 6278800.477
99808415.337 6122029.402
99817908.660 5965243.221
99827155.693 5808442.322
99836156.413 5651627.091
99844910.796 5494797.916
99853418.822 5337955.182
99861680.470 5181099.278
99869695.719 5024230.589
99877464.550 4867349.504
99884986.942 4710456.410
99892262.879 4553551.692
99899292.341 4396635.739
99906075.312 4239708.938
99912611.774 4082771.676
99918901.712 3925824.340
99924945.110 3768867.318
99930741.953 3611900.996
99936292.227 3454925.762
99941595.918 3297942.004
99946653.013 3140950.108
99951463.499 2983950.462
99956027.366 2826943.453
99960344.601 2669929.470
99964415.193 2512908.898
99968239.133 2355882.127
99971816.412 2198849.542
99975147.020 2041811.532
99978230.950 1884768.484
99981068.193 1727720.785
99983658.742 1570668.823
99986002.592 1413612.986
99988099.737 1256553.661
99989950.170 1099491.236
99991553.889 942426.098
99992910.888 785358.634
99994021.165 628289.233
99994884.716 471218.281
99995501.540 314146.167
99995871.635 157073.277
25455.758 65686.476
25313.112 77756.604
67608.084 78213.450
17158.448 37890.689
40343.888 50276.608
13343.230 22092.476
47561.001 53615.280
55047.716 79579.050
46727.128 12548.713
73320.380 87525.500
99785.632 68756.722
78524.006 90904.955
89473.625 70696.538
96098.372 33083.960
9160.490 16583.774
34679.372 6171.998
90229.100 11971.000
43240.368 5007.208
34458.107 17531.100
19058.575 23543.010
62467.200 3090.352
6754.456 12713.052
47995.776 64235.834
98690.000 13029.988
12714.808 41167.610
60472.655 47165.919
26256.320 96615.395
41473.840 59534.952
23166.500 59212.310
82200.625 57756.820
26265.080 4122.468
92684.955 22927.300
9485.700 61220.985
23277.220 81262.432
68785.980 4856.311
26615.077 15670.254
74555.219 77492.412
17789.680 36202.945
35208.600 73047.032
89845.162 78239.590
75957.650 48826.635
64039.546 37476.420
5153.070 33551.220
40622.234 30800.994
54993.798 13991.204
93308.820 13160.208
57846.801 26283.649
4150.847 9699.810
16084.656 5320.860
27362.568 22371.440
12234.620 83331.507
67075.130 49250.432
5207.812 55945.180
72495.925 86924.481
64378.982 20284.663
63252.380 83844.390
24704.620 80356.898
60745.377 40084.150
23876.024 30063.376
92230.219 32366.254
83055.634 50903.312
5165.960 13101.473
11672.734 83199.336
9229.392 74627.230
81601.401 11327.464
97273.536 52099.104
87175.120 65741.711
14709.168 787.645
77388.302 11167.178
1003.440 4473.892
46957.300 16371.657
90050.394 33242.559
37892.832 88459.248
29659.524 75858.075
5742.848 15616.982
61242.290 88666.496
61061.080 27435.882
44194.652 36274.374
91963.890 73109.200
98463.430 57230.414
70145.808 25591.808
24115.253 91710.779
25688.544 12495.712
57227.484 81242.740
44537.470 7847.701
82421.579 51926.032
11434.240 60836.811
27741.920 21972.544
14000.987 53892.060
4359.264 39687.430
95997.500 18844.075
17189.376 2603.493
57210.000 67037.199
18750.276 26701.621
70568.497 24973.996
1266.468 81037.104
95773.624 2562.410
44772.803 70101.286
26188.320 24372.266
60095.915 90645.618
59081.574 26524.890
45483.872 51267.190
57332.631 2284.948
53645.092 226.764
81281.272 82177.920
19475.100 43330.360
17448.960 59134.580
25743.653 6589.295
3433.608 88708.584
34979.159 92853.452
20742.195 35247.524
87805.216 1210.192
72572.760 16247.144
4625.502 68323.417
46405.557 46341.274
39650.880 83124.132
26170.616 1933.312
94672.000 76537.410
96430.320 73282.546
80420.652 4777.240
53315.661 2336.526
85645.056 23018.696
36888.120 36173.256
92915.683 54598.980
57738.045 29191.192
79683.520 80475.904
32208.416 5177.699
50293.876 222.331
44076.674 64360.442
60683.440 7087.680
20889.088 41009.476
4610.812 30998.073
9832.600 66752.184
66158.808 4409.062
98618.217 64903.038
28716.870 71098.420
49489.084 92666.577
20553.350 65856.692
76949.859 16321.496
67605.330 82919.064
49964.982 68146.912
42524.144 88641.356
14094.436 7201.900
40057.071 33440.440
72963.218 79087.632
37491.115 32405.448
44688.766 15415.626
6442.560 3806.232
23587.420 12697.520
27254.600 63150.344
4679.440 86342.212
55219.872 76403.520
36092.312 13518.816
97500.652 40263.208
37193.744 73845.115
58751.900 77235.554
22372.788 13685.175
5691.380 92701.864
60396.250 37991.820
61887.132 65932.544
70121.973 90494.560
80886.884 65324.681
69495.200 20107.928
87014.064 37217.906
42638.164 50977.119
89208.168 74492.880
91852.000 5289.996
27714.380 45070.416
26869.714 39885.991
13850.738 19845.800
62829.800 20977.850
92957.616 38651.456
17309.173 3879.264
7143.220 31752.000
90607.616 33076.912
81028.464 18192.156
28415.328 67028.180
47642.633 26532.084
9108.720 52743.280
82933.374 6802.950
32500.843 3967.495
32692.970 93261.628
2663.964 60588.213
82568.264 70329.091
69984.416 3924.070
88778.226 82742.220
9816.815 4091.976
71705.600 4766.120
21834.332 97298.244
28469.000 60325.055
35380.400 22182.378
75147.686 42381.148
10855.404 1474.322
6342.365 98816.780
65723.890 22193.176
49730.122 69172.656
14536.156 93159.580
30672.240 1009.440
44320.000 66321.374
65054.480 1524.374
17405.468 4121.670
41081.118 15297.534
74531.245 99114.240
41135.373 77534.712
48402.224 94906.288
57552.825 95714.160
2186.280 23737.790
87979.092 38847.228
30922.780 96889.000
38566.408 42726.327
89066.528 20555.610
25937.644 36335.250
48299.166 91617.375
37589.724 22146.976
10915.936 53535.076
61568.880 64952.082
40495.575 16964.232
72547.616 66192.426
4047.247 44190.227
44870.144 40352.716
8339.420 5628.652
58247.837 85523.586
33348.896 27629.017
3231.565 63352.268
14084.112 66649.158
50498.400 26294.157
9883.448 38629.556
55245.345 94882.206
10175.534 61801.600
75212.420 41978.400
28543.978 43466.150
16168.378 74486.576
25500.480 74549.842
57440.184 44128.555
488.387 50580.670
21108.496 1202.960
53364.930 23959.728
72889.481 39069.760
60201.660 34192.860
41345.225 36736.579
18002.075 71477.335
38638.608 90830.425
12183.168 54678.610
52713.024 31734.990
7428.874 80426.406
78248.250 22471.672
80781.008 9607.457
5638.336 25290.994
58230.717 57797.964
24474.658 90165.523
7008.387 20888.768
54284.882 36836.692
3602.014 44878.288
56927.752 64994.644
99784.529 25931.841
14714.754 20495.666
13933.275 15129.395
65275.487 79214.420
39019.688 87052.744
10242.531 41809.960
76701.688 58238.304
86283.837 45312.644
23346.056 75526.325
67716.800 82818.328
50691.275 86922.452
53205.922 87556.944
29393.260 96827.958
28220.256 60683.520
13989.327 34588.034
83789.090 85403.315
20206.920 35831.904
36650.800 54854.741
77032.770 62997.776
48917.769 3413.136
4452.685 40672.562
72636.232 75622.586
90291.507 74108.236
43409.569 3900.149
24024.600 25703.600
59964.304 72385.416
42903.600 19450.000
64192.882 57943.750
45100.454 1341.459
8554.800 44547.060
76798.970 29726.400
44617.118 60000.480
99241.952 11944.901
58031.804 6552.260
32391.668 35470.554
1873.832 56667.665
62510.288 2372.067
59615.282 80521.096
87040.666 35539.850
56386.000 82788.680
72704.168 36492.735
68851.686 74482.174
16971.330 69453.384
56049.024 84335.940
93742.608 41870.040
4984.540 4949.376
24474.455 3051.766
68276.040 8310.764
59201.600 22406.220
53733.755 23121.144
70097.738 46615.150
5944.700 15408.512
17393.184 93411.399
17129.336 79589.161
43515.546 56332.757
78391.242 96843.428
94809.356 25031.608
45802.052 62020.577
22376.770 32075.400
67389.016 67179.465
40541.694 28515.680
33922.320 45370.939
27485.425 32059.520
13144.080 70745.830
7933.416 32517.002
98634.150 52225.581
61864.345 26013.696
53577.730 83388.872
26167.908 59323.003
59811.301 3290.416
72304.079 16725.854
32968.857 82700.949
95927.686 35025.920
59295.550 13480.298
9926.255 50294.488
39364.032 58364.880
15504.086 25553.730
6745.270 85881.098
7048.746 14464.239
98295.602 68525.710
49593.807 5002.563
61130.684 40203.208
43519.918 55603.320
38115.275 21238.715
65206.368 87329.270
11228.400 11778.675
48422.898 32747.040
84108.066 15685.934
96391.340 66003.344
14974.240 54449.828
23419.326 17177.300
66584.780 57596.968
51339.860 7463.163
54090.267 43813.584
58581.835 40827.900
55669.030 32039.435
81896.890 44025.276
47990.528 29546.668
94188.450 24507.605
1424.860 33170.229
68094.440 45236.309
18217.800 9166.760
65790.296 17139.579
14041.152 20545.460
41021.420 62868.860
86164.776 29635.649
2451.384 54622.556
44160.120 88531.112
99426.986 22519.872
28115.760 54390.798
89379.680 41185.949
5198.200 72251.420
54390.400 25976.152
28078.636 78733.446
82976.648 67544.345
43666.190 70092.008
33216.012 63427.348
59640.125 27141.120
95829.604 49353.120
61530.126 53672.213
4419.504 74005.990
84950.884 96809.407
65188.700 35652.752
38871.432 6253.400
95572.054 83756.564
87508.800 39405.630
89415.456 52533.952
25405.080 84961.176
28259.290 67753.392
15970.010 20785.369
59373.008 37643.152
86530.650 17627.128
9400.708 60122.550
76215.890 18110.888
74197.422 16517.760
19354.373 67386.145
30133.810 31915.786
11954.258 85319.752
70246.531 14686.875
19808.240 26085.110
12633.164 92598.713
91413.404 56868.949
81538.417 47217.056
26483.984 81316.970
23859.105 56848.625
89096.059 87447.676
20983.185 50494.717
40310.942 53316.416
42035.079 96818.996
78010.348 36968.840
42472.020 80094.840
31330.418 46229.120
65674.932 14890.784
57040.672 91727.804
75353.785 35887.766
21584.029 87751.874
33374.725 11300.395
18668.010 36893.585
84886.524 37639.360
2038.729 34234.310
50851.760 17387.312
17781.366 78920.536
34522.584 44399.606
21430.280 8899.065
34003.208 43386.424
13358.338 5217.856
26387.588 52585.120
57004.960 30374.764
35234.878 94798.650
22864.056 52157.248
12370.274 14551.765
91733.390 84132.221
40811.100 50893.175
14756.418 91556.502
7430.620 63523.968
47791.200 31596.928
8509.082 47645.510
35700.608 33275.432
40155.346 12467.135
59553.944 84631.950
68254.186 68180.056
62083.826 98268.849
43033.320 82192.782
17552.896 74709.458
23867.415 35982.330
31255.696 78291.410
26155.851 37373.216
36873.611 5299.072
85549.974 86645.708
35788.457 57532.748
84552.798 81162.207
76935.902 68695.809
79720.503 95617.578
4089.904 17432.718
91222.680 77944.340
47934.808 96209.456
55473.520 66596.837
48285.670 64784.488
72439.596 40112.032
64436.904 2873.410
52510.340 45430.704
81889.444 15932.483
35047.991 68934.192
14709.388 73252.005
43972.619 48520.720
70682.532 56329.843
514.872 33080.362
91579.062 77764.795
32799.290 95030.948
14213.534 26919.200
53644.010 10372.320
61518.510 5677.084
42252.110 12709.068
20566.431 85792.271
67690.480 12937.933
3947.504 20448.686
48512.864 47384.925
94188.520 37771.088
90514.224 1324.604
9892.000 45962.799
30923.673 33262.563
87615.369 405.648
91562.352 23469.826
55183.260 24948.405
94386.415 97806.220
4838.557 4155.323
56268.302 17509.120
11166.948 7497.021
36028.800 93140.992
34606.208 31872.128
74938.209 27765.230
67485.495 25187.395
73345.798 24655.246
36255.918 11857.670
16129.600 27208.764
2961.252 30467.540
99025.141 7962.632
26546.331 11601.870
90229.136 97723.038
55595.214 9236.529
56542.797 833.660
28008.297 90330.461
80718.975 97825.508
49860.980 45417.378
61464.341 83385.864
93705.860 24463.908
56478.415 93360.350
27302.273 31483.148
33480.815 89333.660
2279.448 10123.789
77648.216 20208.400
12658.549 1335.194
30157.370 95174.200
66042.930 58249.336
33829.293 20208.019
76652.656 46063.754
27452.880 45597.990
37544.540 15147.840
75167.999 86788.260
74962.489 95319.552
61951.200 97912.046
57611.712 20810.210
9039.677 58197.925
170.422 23599.467
12334.863 63452.898
58218.428 76551.518
61597.851 64779.063
44729.041 61020.550
87821.724 56028.945
64610.945 92437.938
19447.400 81661.642
44199.069 35829.940
4234.234 29159.375
60982.640 94774.303
4862.208 86509.147
240.686 84956.742
53812.184 54090.480
12682.683 76186.208
84975.496 81799.790
44051.663 85818.788
5842.368 79294.208
45188.658 714.880
42822.593 75051.618
42318.472 65984.056
71590.340 78313.795
12217.980 7440.924
1989.123 84116.240
56508.532 49881.400
41848.804 13663.952
5895.210 58966.775
18846.163 2605.730
23367.941 97682.881
22226.504 26631.927
28462.960 84853.650
91107.034 88976.727
55176.835 60647.115
65093.172 82138.480
33279.234 99993.572
80198.240 22539.021
71737.030 5695.872
20137.222 53807.115
5148.360 64656.019
86345.312 43018.478
13301.893 98981.750
70247.315 41155.553
5004.447 41479.490
17868.084 56880.000
72225.366 33841.564
46070.316 48870.339
38518.800 58682.138
81694.010 95362.219
48174.020 46247.144
52189.855 15654.034
55121.196 19594.475
91830.391 40841.536
19613.404 80457.745
2704.200 41324.776
79134.319 25637.584
99257.984 82734.407
17685.499 96875.730
99257.694 36598.075
36912.420 35333.880
81213.582 15002.043
21634.866 65408.352
60658.730 23975.952
1164.676 36877.992
60891.436 14090.554
85189.799 81610.120
64915.088 42912.897
858.114 6105.880
87149.727 504.205
91639.101 79519.028
53634.480 62159.364
4379.268 64020.110
4700.602 15053.888
55781.210 37620.200
61965.792 34953.422
69193.370 41831.153
21004.559 8155.129
33051.328 26863.014
668.024 23617.148
30200.254 1591.274
22141.707 88823.510
68514.584 6986.697
47471.176 7076.655
2662.480 87386.914
61223.060 84573.300
66502.647 16533.656
64457.188 64708.939
9112.688 91213.442
4476.366 16152.264
54740.661 34290.064
84810.450 28756.006
84338.820 987.714
2167.360 56398.430
39134.056 90267.429
60336.348 13674.773
61968.815 71744.009
96542.790 84183.817
16429.327 1800.420
65159.328 34823.863
5906.572 28541.374
86772.658 43247.995
88149.620 11631.390
3801.096 3309.112
52889.246 55962.657
30006.865 23514.950
19232.352 8519.728
96262.788 62955.595
87169.572 62166.352
81557.474 666.592
10516.994 88409.044
6742.738 43644.186
90331.028 39012.548
82881.470 67768.396
53561.992 20037.484
48999.431 8442.999
47435.740 5899.350
62705.728 95191.672
5124.141 56902.950
4969.400 73003.084
65933.175 617.391
22641.584 34936.606
1049.802 57938.215
85287.200 40051.383
78968.552 21174.070
31174.133 84857.116
4268.472 24681.100
9961.000 88281.168
35238.290 704.538
8416.728 44194.426
76261.223 21717.152
10703.916 83677.280
21996.222 34416.952
21065.850 69314.400
719.969 54517.655
47027.225 85469.713
5653.163 356.466
43030.976 64766.684
30806.091 24870.699
42544.128 4079.008
10265.519 31281.060
33083.145 94911.880
27574.640 6391.044
24874.824 22750.982
93155.858 68006.608
93227.352 83643.680
55886.248 167.524
88059.240 13516.503
72798.914 21046.008
41713.329 28574.106
49806.240 39311.685
43997.590 25819.355
4033.650 10659.164
39375.850 84204.773
38597.231 74282.866
93510.669 36844.398
35313.720 59745.758
37451.064 95323.785
26847.156 77337.290
47855.104 88004.480
45459.870 43526.037
28482.095 36232.694
46365.958 16924.865
77353.866 96940.562
32611.076 27977.388
27351.224 11955.168
62063.882 3900.720
16403.218 83346.215
60912.126 39651.584
70745.064 93553.650
28410.342 47777.421
38570.334 44517.198
11723.000 72069.595
39709.136 85881.300
21490.026 84288.130
14655.820 29293.736
18850.240 85372.452
1461.888 35764.508
73047.500 85519.521
28906.652 51803.164
6937.112 9040.625
44613.675 23715.620
91645.104 96039.582
42482.706 5368.244
85328.492 11542.834
83031.840 13948.362
56416.944 5504.320
25502.148 87444.772
48427.251 87713.280
66505.358 3692.918
74159.520 44677.236
26591.508 66126.453
39652.744 91564.416
80004.652 91066.393
37227.414 92426.820
67713.950 12109.358
3908.120 14468.520
89727.330 59394.893
42925.702 20629.597
44777.002 43876.416
27311.740 5752.860
13937.155 31974.702
70160.480 83729.438
81976.704 9012.020
61972.304 50480.302
58849.186 85968.700
59735.760 2742.792
50822.510 24173.990
70465.088 34402.500
41958.950 19154.626
260.068 60861.390
33674.640 89281.200
10107.112 89296.340
63535.520 97991.111
16714.450 79944.651
61778.560 18688.435
28504.140 5157.165
1131.939 82905.033
68223.774 42721.280
31461.538 70635.993
52698.645 23621.750
83301.825 20147.320
12447.988 55948.436
41974.576 90253.812
7446.953 34860.345
4550.720 45677.955
50582.786 54552.000
63002.842 44230.925
28235.266 17934.753
32351.298 24628.647
35284.860 60797.986
18395.932 51229.776
49052.880 2485.168
9933.455 8497.424
18160.156 42526.150
45249.954 61098.805
39170.072 23141.672
63439.708 29377.040
45507.759 24876.990
99747.378 81283.670
63700.512 45245.346
20419.920 34651.936
4963.224 45030.302
63705.490 65166.289
9587.120 85716.055
18324.200 40356.708
37000.066 97917.468
61903.581 16417.104
99667.244 10223.048
92519.696 99073.057
76947.927 29685.644
7915.675 87147.696
48769.886 48209.500
97046.612 9893.418
53260.320 75854.824
99623.460 85087.420
83114.823 51464.924
10736.910 5392.464
6778.560 38507.212
36113.470 93532.016
37472.280 39218.750
79487.894 69523.100
10797.318 42278.600
89138.082 10509.177
75138.668 75425.096
78890.566 90005.875
52234.550 77090.702
82957.235 14649.960
69602.776 63612.324
93664.652 98590.646
99068.354 34239.546
50210.075 49110.573
4768.360 15574.686
47382.060 54236.670
95278.066 65371.896
50575.696 95570.090
31758.082 23881.956
6496.064 41056.359
79686.170 66078.650
86131.668 31477.875
88913.410 68709.091
52249.420 78283.645
19228.168 66925.239
1512.644 2104.372
56501.760 8130.198
60205.982 82517.504
35079.160 39568.610
33565.380 39958.730
50397.903 488.310
40649.520 84118.189
69828.785 97605.120
73087.879 110.240
5921.534 93625.010
55352.400 76654.124
35045.327 50124.147
26234.153 91903.499
74087.134 80713.450
42453.796 70700.849
42482.459 22989.596
2381.084 36772.288
8602.283 32813.768
74804.072 87321.250
920.857 81291.648
44658.992 57986.087
63597.442 48231.251
19312.771 21826.368
39959.460 80640.224
96544.004 36322.957
91059.284 76323.310
62287.396 9396.690
54796.482 12833.206
69706.654 56863.280
94879.250 18938.106
91340.172 45845.877
44674.698 94920.528
51443.644 2405.784
94267.096 18142.680
13854.303 96512.754
58742.805 75279.256
77091.992 10335.732
24080.397 98544.704
21009.152 67930.760
54141.740 88904.640
57745.373 1659.852
85630.630 43490.255
43094.918 6621.700
76734.570 33929.280
24795.440 93458.052
10644.380 64094.233
65672.429 71275.432
91975.728 90934.880
96424.165 5825.664
1020.768 63428.727
82473.616 18422.712
17804.144 49177.577
72320.360 32228.586
2765.766 84023.065
92367.782 36180.522
2964.410 59576.608
99438.425 81474.300
55502.896 63723.968
89839.134 40774.239
26015.600 61552.488
28955.340 83991.250
39813.759 2222.512
31514.353 31902.502
99946.842 53881.382
7688.448 17517.075
28453.040 45823.792
57892.450 81823.482
2637.017 8356.308
10646.272 90449.405
23306.000 19311.558
70547.276 74187.122
40603.245 45760.024
15122.216 12726.352
61790.800 13623.192
65685.529 93981.222
28129.375 42799.680
51229.844 38459.536
81628.202 448.848
96930.158 7094.244
51269.436 14269.857
37512.444 1811.784
28453.590 62382.996
66349.561 92998.235
93595.538 71685.455
27013.213 71947.228
28264.389 31838.310
6331.446 78540.379
25745.450 94278.048
75249.874 13889.400
34512.276 18940.317
17220.038 53952.118
63737.915 76291.984
65393.030 14593.860
58915.592 28630.156
81647.160 49782.760
66294.412 43986.325
68476.704 86847.932
69612.190 37704.495
48950.029 19862.155
31587.228 56065.044
48902.112 13861.650
71057.724 57157.260
59280.702 6917.917
3021.896 60713.610
81320.608 78798.709
57528.970 6952.640
37086.338 43371.000
2794.912 30825.107
48654.090 77047.684
17141.144 43718.067
53895.880 1087.894
35108.925 52219.720
9844.246 12653.280
50578.059 11637.664
11156.842 56190.756
68450.177 91740.032
74536.586 55479.296
48473.906 26800.716
13179.915 14427.903
76657.592 80500.397
70445.925 96825.768
55781.746 86074.496
55736.770 63787.332
32341.040 34001.970
97461.810 67417.980
24002.740 77201.580
99366.786 88107.828
83555.392 53783.121
57620.880 44635.956
96171.490 2671.720
65418.208 73300.590
45677.064 5484.906
70583.024 84987.342
93185.540 4306.810
90306.264 25341.268
17594.086 81959.206
69730.059 38883.092
93445.168 90198.208
66988.453 23328.654
40905.447 62239.728
39462.392 72402.400
38478.692 3013.502
97414.504 22443.092
18399.725 8085.050
90415.433 72083.680
62418.904 38978.050
89652.111 26216.824
63179.424 72396.088
24050.774 30808.160
20168.552 52391.838
2480.726 12765.274
46942.125 30918.560
56321.980 60274.808
79583.200 34465.203
94442.438 18586.030
33351.928 95318.875
54266.491 35409.500
72777.638 56570.387
5776.608 20051.856
1687.363 58538.772
98915.416 11097.432
870.231 28699.118
42315.416 7363.584
58279.555 15644.631
82700.677 56327.277
6627.051 46479.143
42830.995 27840.050
46928.994 57399.109
37988.797 76845.824
3567.980 28757.458
1941.690 25365.674
24583.472 68905.090
94584.077 20410.196
55964.204 14422.584
56937.832 78769.470
74196.760 67884.920
38333.550 78953.454
34927.210 98089.152
17447.272 97113.406
16544.439 54878.113
497.016 84268.008
44998.875 47081.168
39316.274 80525.712
8597.571 51027.495
19842.441 13931.916
69448.360 14586.498
90417.300 21667.306
22901.185 83613.786
25764.406 92109.930
23610.569 32361.030
92840.880 98943.235
82331.598 49429.064
75723.089 97107.520
53066.677 84584.738
62179.584 52884.773
72870.634 96834.948
61071.280 65693.072
65166.620 43563.970
1897.648 69396.416
12763.648 88352.256
66696.600 67449.772
76747.702 53478.148
