800 1000
3 689 718
3 344 562
3 594 738
1 476 670 -2
1 621 798 4
3 180 763
3 167 721
3 512 558
3 34 219
3 730 733
3 519 634
1 270 550 -9
1 143 219 -7
3 446 462
1 80 409 9
1 643 686 10
1 161 685 7
3 54 266
1 292 720 13
1 457 519 16
1 390 640 6
1 493 604 -2
1 251 705 3
1 547 689 12
1 81 707 -7
1 232 493 18
1 329 502 12
1 509 754 14
3 403 586
3 447 485
1 691 726 -4
3 668 719
3 131 582
3 309 727
3 541 775
1 615 621 15
3 460 722
1 474 743 6
1 77 795 19
1 493 575 4
3 414 490
1 544 586 -5
1 317 508 4
1 340 574 -7
1 180 326 2
3 718 768
3 485 661
3 516 673
3 262 264
1 227 704 4
1 497 587 4
1 542 787 -5
1 29 521 -4
1 505 715 11
3 400 675
3 144 626
1 647 677 5
1 103 445 -1
3 535 743
3 461 653
1 531 720 14
1 220 291 10
3 244 535
3 643 744
1 786 798 -9
3 328 551
1 783 789 17
3 619 762
1 631 793 18
1 312 685 -9
3 147 252
1 390 529 9
3 501 619
3 771 792
1 298 486 2
3 455 457
1 625 732 18
3 252 602
3 564 666
1 199 694 0
1 757 778 8
1 339 475 1
1 288 404 -5
1 651 790 14
1 492 704 -9
1 495 538 -4
3 749 788
1 147 757 12
1 383 612 2
1 208 245 15
3 600 647
3 361 664
1 575 728 15
3 767 796
3 152 628
3 100 445
3 246 345
3 53 416
1 575 685 -6
3 74 268
1 127 559 -2
3 637 734
1 543 783 -3
3 303 697
3 576 614
1 501 686 -3
3 738 786
3 65 522
3 152 653
3 390 720
3 541 683
1 466 542 12
3 619 758
3 607 676
1 247 384 -6
1 246 382 19
1 626 634 3
1 637 700 3
1 145 396 6
3 738 779
1 710 752 -2
1 149 525 -1
1 364 672 -3
3 663 779
1 251 786 0
3 431 557
1 544 730 5
1 183 193 17
3 675 781
1 633 654 14
1 385 481 -7
3 506 779
3 617 748
3 104 321
1 534 596 11
3 229 719
3 411 773
3 129 655
3 385 743
1 341 751 -3
1 395 627 -4
1 107 555 9
3 158 756
1 244 666 17
1 401 506 11
1 278 716 -10
3 143 307
3 95 563
3 784 799
3 675 794
1 333 612 -3
3 597 675
3 40 480
1 112 702 -7
3 9 717
3 500 667
3 126 720
1 93 549 1
3 218 386
1 208 670 -5
3 476 662
3 87 362
3 166 642
3 349 366
3 362 537
1 249 627 2
3 433 581
3 247 780
1 734 767 14
3 507 650
1 470 735 -6
1 436 617 11
1 581 797 -1
3 200 224
3 355 685
1 339 561 15
1 324 536 8
1 169 232 14
3 100 669
3 166 236
1 398 786 -8
3 142 655
1 342 420 -5
3 472 779
3 280 347
1 155 792 10
1 152 174 16
1 115 235 7
3 517 732
1 430 754 17
1 58 466 13
1 248 533 0
3 49 788
1 771 775 -4
1 127 554 17
3 461 672
3 100 311
3 8 480
1 521 661 -2
3 545 545
1 344 426 18
1 215 274 -4
1 4 798 10
1 83 704 15
1 471 647 3
3 112 749
1 678 681 18
3 403 503
3 729 748
1 27 76 -10
1 59 128 -1
1 638 780 14
3 119 309
3 445 593
1 556 777 -2
1 330 337 -8
1 242 615 12
3 408 685
1 11 268 0
3 499 590
1 361 610 5
1 601 644 15
1 276 608 -10
1 120 688 -9
3 775 799
1 187 654 4
3 505 755
1 595 728 13
3 2 678
3 558 577
3 553 685
3 28 324
3 232 588
3 25 728
3 60 682
1 83 216 -7
1 250 515 5
1 206 240 18
1 318 520 -3
1 480 504 9
1 658 678 -2
3 53 471
1 603 620 -7
1 457 458 -7
1 331 416 11
3 771 799
3 435 452
1 485 565 1
1 288 569 15
1 368 746 13
1 241 756 17
3 414 417
1 417 763 5
1 394 647 -6
3 110 204
3 2 502
3 725 758
1 354 619 5
3 307 689
3 547 614
1 132 497 -10
1 469 617 13
1 486 596 19
3 497 623
1 498 548 13
3 447 478
1 675 685 11
1 395 561 -2
3 526 610
3 656 658
1 300 676 -8
1 486 742 13
3 614 736
1 739 763 5
1 343 453 0
1 138 581 3
1 269 509 15
1 239 629 7
1 132 436 -8
3 126 482
3 660 747
1 442 526 5
3 45 466
3 208 523
1 198 324 12
1 382 504 8
3 382 480
3 65 166
3 533 536
3 256 558
3 288 339
3 715 759
3 684 779
1 186 398 10
3 137 517
1 687 759 19
3 546 611
1 72 685 -2
1 332 783 -4
1 511 552 11
3 197 508
1 784 799 15
3 470 590
1 530 724 12
3 460 683
3 180 360
1 204 671 -10
3 73 633
3 136 350
3 113 204
1 325 652 9
1 439 518 9
1 171 607 8
1 238 242 3
3 724 730
1 222 478 9
3 150 647
1 509 597 4
1 205 514 15
3 692 777
1 273 373 15
1 673 740 18
1 539 544 18
3 430 690
1 690 745 19
1 590 794 -4
3 246 581
1 153 252 17
1 461 750 2
3 673 775
1 161 722 2
3 752 795
1 715 738 9
1 265 676 -9
3 508 509
3 528 740
3 724 741
3 736 748
3 383 677
1 577 631 -9
1 376 475 -1
1 589 695 5
1 439 590 14
3 565 800
1 645 799 -6
3 580 600
1 155 748 6
1 334 384 7
1 721 735 10
3 261 279
3 427 539
3 484 515
1 248 520 -1
3 605 776
1 736 763 -6
3 66 93
1 399 675 7
1 737 752 16
3 245 415
1 671 678 19
3 694 759
1 472 781 16
3 531 689
1 425 480 4
1 428 793 -10
1 744 751 12
1 184 534 10
1 289 329 9
1 746 778 6
1 646 714 16
1 676 680 -3
3 780 786
3 760 776
1 404 479 9
3 107 441
3 278 321
1 670 696 -8
3 11 451
3 656 794
3 681 719
3 20 346
3 11 270
1 600 770 11
3 91 489
3 455 593
1 362 411 14
1 37 176 18
1 217 295 11
3 647 776
1 666 719 1
3 680 758
1 141 593 15
1 714 745 15
3 710 792
3 46 632
3 797 798
3 213 296
1 492 592 17
3 487 670
3 714 766
1 292 753 3
1 323 625 12
3 382 760
3 323 611
3 652 778
1 187 427 1
1 400 482 -7
3 387 433
1 652 773 6
1 524 579 -10
3 746 776
1 679 679 -9
1 438 730 13
3 426 592
1 409 680 -7
3 201 631
3 586 597
3 217 646
3 292 308
1 337 753 13
1 311 612 13
3 599 761
1 733 780 0
1 208 339 -9
1 601 703 -10
3 49 224
3 494 606
3 629 673
3 261 442
1 571 606 11
3 146 242
1 430 784 -6
3 61 732
3 481 564
3 701 749
3 124 482
3 45 544
3 453 701
3 287 703
3 282 612
3 427 650
3 409 581
3 716 754
1 95 743 -6
3 790 798
3 113 125
1 509 632 9
3 657 675
3 67 210
1 509 579 16
1 238 725 -6
1 231 313 9
1 601 746 -8
3 360 512
1 181 546 14
3 537 748
3 43 85
1 486 513 16
1 662 675 -3
3 47 719
3 559 650
1 712 743 10
1 650 732 10
3 649 766
3 385 553
1 779 798 0
3 182 618
3 395 626
3 123 291
3 784 788
1 170 661 12
3 125 700
1 687 762 0
3 523 571
1 367 631 3
3 789 797
1 552 740 3
1 194 298 1
1 101 684 18
3 638 703
3 642 727
1 579 677 15
1 482 611 -2
3 157 236
3 634 772
3 705 716
3 450 764
3 178 513
1 76 690 6
3 262 635
3 796 800
3 142 322
1 707 788 10
3 48 776
1 649 705 4
3 679 792
1 704 791 -2
3 759 775
3 796 797
1 557 568 11
3 545 695
1 452 617 16
1 234 326 -6
3 11 769
3 689 748
3 144 283
3 107 378
1 769 775 -10
1 19 348 0
1 699 717 16
3 623 719
3 56 120
3 42 440
3 175 192
1 246 593 11
1 690 734 12
3 62 214
3 433 463
3 103 315
1 249 678 8
1 213 731 -9
3 580 654
1 754 770 18
1 168 265 6
1 49 646 5
1 186 580 4
3 715 737
3 671 695
1 449 641 10
1 290 471 -5
1 126 769 7
3 21 555
3 620 667
3 161 340
3 698 788
3 434 713
3 65 358
3 294 489
3 286 579
3 420 761
3 97 109
1 141 406 10
3 205 297
1 717 720 10
3 230 323
1 749 778 3
1 339 429 4
1 794 795 17
1 407 621 9
3 574 758
1 296 629 4
1 321 381 5
1 194 787 -4
1 118 238 -5
3 538 645
3 270 345
3 389 726
1 426 681 -3
1 232 607 15
3 262 374
3 642 750
1 387 546 10
1 779 800 5
3 99 339
1 721 778 10
1 27 799 -5
1 744 777 9
1 434 520 -9
1 2 548 7
3 581 770
3 512 719
1 297 434 19
3 202 675
1 594 621 12
3 446 701
1 481 712 14
3 392 679
1 745 758 5
1 115 287 -1
3 729 791
3 498 721
1 251 779 -4
1 388 732 -7
1 101 239 -5
3 173 495
1 761 791 -1
3 339 622
3 35 715
1 315 685 8
3 270 504
1 498 721 8
3 418 765
3 71 462
1 306 697 9
1 77 468 1
3 698 724
3 285 759
3 599 624
3 163 597
1 777 795 9
1 112 386 -1
1 601 784 19
1 700 732 18
3 300 693
1 198 251 17
3 132 138
3 639 707
3 168 182
3 194 704
3 305 423
3 437 595
1 656 731 -7
3 551 661
3 340 467
1 305 431 -3
1 82 188 -4
3 55 684
1 728 762 15
3 395 438
1 32 120 -2
1 459 650 -4
3 114 642
1 174 208 17
3 555 650
1 615 744 12
1 470 549 -4
3 140 207
1 80 581 -5
3 38 234
3 691 782
1 4 441 7
1 272 598 2
3 800 800
1 123 491 -10
3 587 661
3 727 768
3 6 248
1 583 656 7
3 740 783
1 295 560 11
3 350 625
3 727 777
3 119 485
1 532 739 16
3 238 353
3 743 774
3 185 668
3 754 765
1 437 596 5
1 339 389 15
3 526 769
3 633 725
3 625 656
3 52 691
1 556 557 12
3 70 94
1 319 363 11
1 761 789 -7
1 439 686 -9
3 229 660
1 414 498 -4
3 795 800
1 733 775 -6
1 313 542 3
3 770 782
3 292 346
3 392 578
1 31 377 15
3 626 671
1 239 492 2
3 416 467
1 349 642 -8
1 663 712 9
3 95 219
1 738 767 -9
3 767 780
3 364 469
1 541 736 -6
1 198 431 15
1 541 614 12
3 586 799
3 711 728
1 358 503 14
1 392 739 15
3 594 716
1 199 566 14
1 464 691 -9
1 253 688 -6
3 401 418
3 519 550
3 19 338
1 688 794 17
1 411 785 -10
3 544 559
1 521 722 8
3 176 377
3 428 673
3 554 721
3 17 250
1 542 578 -1
1 267 272 13
3 252 530
3 8 216
3 314 384
1 242 255 -6
1 628 759 2
3 647 796
1 215 687 0
1 462 701 -8
3 76 188
1 679 785 7
3 752 796
1 328 481 3
3 628 701
3 722 794
1 568 785 16
1 526 674 10
1 682 787 -5
1 564 724 7
3 64 83
1 639 760 -8
1 423 694 3
1 747 767 -8
1 125 724 -4
1 653 763 16
1 597 683 5
1 486 565 -9
1 514 554 11
3 348 368
3 770 794
3 532 752
3 664 676
3 343 793
3 195 391
3 137 159
3 193 336
1 194 252 -7
1 319 735 4
3 750 795
3 684 774
1 117 197 -6
1 192 387 18
3 672 692
1 360 638 4
3 643 761
3 693 702
3 564 760
3 781 793
3 168 176
3 439 445
3 573 675
3 249 457
1 472 586 -8
3 161 437
1 355 740 -7
1 625 748 11
1 265 599 0
3 62 187
3 52 220
1 624 732 13
1 265 694 15
3 537 543
3 45 470
3 196 226
3 21 232
3 621 777
3 441 728
1 422 612 4
1 502 754 7
1 374 421 -10
3 203 785
3 704 719
1 759 775 9
1 273 461 17
1 469 557 2
1 211 476 0
1 384 701 -4
3 371 652
1 743 753 17
1 637 665 14
1 612 763 13
3 727 755
1 371 385 -8
3 695 785
1 678 733 14
1 428 775 -8
1 272 664 -7
1 275 660 1
3 216 623
3 90 209
1 376 387 16
3 704 778
1 508 770 -7
1 149 686 17
3 649 715
1 73 338 7
3 253 659
1 468 514 19
1 182 215 3
1 675 708 -3
3 142 173
3 147 482
3 512 642
1 360 510 13
1 396 473 -7
3 403 648
3 725 739
3 106 155
3 52 213
1 349 756 -5
1 438 733 -5
1 375 497 13
1 705 737 -10
1 61 554 -1
1 221 727 6
1 695 752 0
3 95 679
3 795 797
1 603 618 17
1 344 770 0
1 618 623 4
3 227 631
1 279 399 12
1 757 764 10
3 54 416
3 635 659
3 683 781
1 720 786 -6
1 308 318 19
1 263 300 -6
3 413 649
3 431 672
3 388 697
1 739 766 5
1 584 611 9
3 97 202
1 73 636 -3
3 628 679
3 443 798
3 36 285
1 707 711 -7
3 700 729
3 190 651
3 126 581
3 758 800
3 383 481
3 675 748
1 54 387 18
3 107 402
1 437 566 18
1 387 587 9
3 798 798
1 91 627 -4
3 24 737
3 758 779
1 632 675 -1
3 372 529
1 31 139 7
1 653 756 18
1 670 744 8
3 458 590
3 76 581
3 451 794
1 409 660 6
3 722 742
1 646 683 -5
3 744 763
3 148 273
3 290 371
1 620 658 19
3 186 468
3 757 800
3 705 744
1 722 726 3
1 500 543 1
1 596 795 18
1 44 341 13
1 746 771 14
3 726 788
1 643 654 -5
3 163 294
3 765 793
1 488 568 9
1 723 743 -5
1 325 761 1
1 400 535 19
3 602 666
1 490 651 -6
1 509 768 -4
3 357 519
1 117 698 5
1 170 398 -6
3 738 767
3 151 744
1 248 461 9
3 538 761
1 731 788 12
1 346 419 -1
3 159 620
1 720 732 16
3 110 530
1 47 187 17
1 528 651 14
1 172 324 9
1 584 618 14
3 440 668
3 261 355
3 407 419
1 397 699 15
1 145 662 -6
3 429 630
1 541 646 -10
3 791 792
3 574 779
3 491 662
1 748 756 9
1 71 544 -10
1 269 529 -4
1 118 714 11
1 35 701 -2
3 343 710
3 555 657
1 767 771 6
1 499 630 14
3 350 607
3 150 475
3 278 729
3 748 772
3 46 686
3 684 713
3 785 787
3 795 799
1 87 125 4
3 188 606
1 537 571 -3
3 685 735
3 140 782
1 576 606 1
3 185 719
1 358 607 -2
3 625 729
3 264 315
3 49 604
3 165 620
3 83 142
3 325 629
3 601 787
1 506 578 -8
3 692 742
3 74 425
1 698 771 15
1 445 507 0
3 8 130
3 15 218
1 706 759 16
1 485 647 3
3 592 685
3 483 556
1 556 737 10
1 573 798 5
1 348 727 -3
1 651 723 0
3 359 496
3 567 655
3 409 578
1 200 362 7
3 2 676
1 771 784 -3
1 399 697 -8
3 340 787
3 543 583
3 304 342
3 301 450
3 782 787
1 557 662 -2
3 647 670
3 540 651
1 437 506 19
1 460 669 -1
3 223 500
3 698 715
3 551 688
1 518 647 8
3 26 767
3 691 778
3 448 559
1 571 713 16
3 463 652
3 405 637
3 88 582
3 75 152
3 363 520
3 184 265
1 561 743 4
1 261 752 -10
1 430 778 3
3 512 721
3 21 412
3 105 316
3 86 681
